Ticker,Date,Title,Source,Link
HAPPYFORGE.NS,2023-01-31 06:07:20,"Tirupati Forge Ltd Share Price Today, TIRUPATIFL Share Price NSE, BSE - Business Today",Business Today,https://news.google.com/rss/articles/CBMijAFBVV95cUxObGx4emdDNnFiWGwtMHZYUy0zMjBZOUxWUGpadUdwdnBPSHU0bzREU2w2NTk5Qnpvbk44UGpndUx4bVRsa2xSQnB1UnVpTnZiOXhVVmVYZ2tfYm1nalNuaTdMVjJTUDhDNWRHd0JpSll3NURyREh3NU84UzVCT2RaUGhQNG1YU2NsY2JjMg?oc=5
HAPPYFORGE.NS,2023-01-25 08:00:00,"Buy Sona BLW Precision Forgings, target price Rs 700: JM Financial - The Economic Times",The Economic Times,https://news.google.com/rss/articles/CBMi1AFBVV95cUxOSmJXUHl3WlNTTUFQQV9pbzF4Z2oyLTFNQjhsZ0pNeElNaXR3VlhMQ0tIMTdYdl9MTDZPWVAxUzNsRGlXeGJfQ3lhWjZBRTE2ZmZOZjlUX1NvSHZuTVBUSTU5MUtNQXFReVdFWTJVcTNKem9OZkFJSWdrSDRVNmh5eXRXQ2NRN3loeTZucFlzU2hGMnVuX01PdWl6UDBseU9vb3YxUkNxZzJnYm1tV1Y1bVk4cmVEdTloQ09xRHVnYUhSUWl5LXBxYjRsMmhyVE9QNWdDQdIB2gFBVV95cUxORklLNVZ1aW5kTnZIcnNtT0p4ZWprMGlmNWozdjUzLXhPQWJXVTRxc2F4Qm5jSTI4RTJtcE94OWNVWGpzRE9lOGdnZGZWZE9FOGNZcktGdDBwMUtUNm9vVENrM2daZUdvdW01cDlKQkRjT3prME4wOEFJVUdacFlwY0lSYzhmd19KV3JvdnE1UUk5RkNTYS13elZHbzY2eW0ySXp1aG5ORm9TVmF4ZmlyS3V6ZzlrODZsUlhFWmNOLTl6OWltLUpBMjVwRVR3Sk5BZnhIYmdFaVpwdw?oc=5
HAPPYFORGE.NS,2023-01-31 08:35:23,Sterling Tools Ltd (STERTOOLS) Share Price - Business Today,Business Today,https://news.google.com/rss/articles/CBMiiwFBVV95cUxQMllXNDg1bmw0bUpMZURrRGVHT1h2bkxxVDJVTjFwOUZDVVhScENMbHp0Sy1adzE1M1BET2NsMlRsTm1nY19Sc3g1RFhRa3lzbWY0TUlIaE5TVi1qdWMtYzZMWm5PeVBqNnpEZjNBWDNuZFV5UnhnajUyVkItMUZqQkk2Q3N6Z0tMUlo4?oc=5
HAPPYFORGE.NS,2023-03-14 07:00:00,Sona Comstar jumps after marquee investors acquire Blackstone's 20.5% stake in Co. - Business Standard,Business Standard,https://news.google.com/rss/articles/CBMi5AFBVV95cUxQaGFCWmNiVlhGQnp6eFkxMlRMT0JVbEVzY3F4M2ZjX3E5M19NUGFtVWc0TV9UUW5XaVBOcWhHTjlNVHdVczZqaDVOV2U1T3hOS2xKMVJNN0NUaFZqRmI0S3pZVXBEMklZMVNGSzhvWVJ6TEVHTDhOQ0xfMGhkY1pWeGRZR1NZRDE2WHg3VlBORUp2OEIzZ3dZVHcxWnRMUVV5Q1B6anV6ZElRalVjWFZGNWsyVnRnQmhZWjQtUHNfV0xJTXRzWXU5MG9DMFhkYzkwd0hRTEg0RXNOODBXX09NWXZ6aUfSAeoBQVVfeXFMTzNnamlIUHo3WHdwMnl2Q2dwckJqNzRyaGdWSnRJYjQyTC1LT21JRGJtUVlyRWFHLUduOGZaMzc3M04yYmNrcWpJOVpiNGlmU3Q1TFhuUmJ6SDNYaWdBdHMxU2Zzb0Znem1qRkV2UjB2X1hfWmY4SUx5T0hJUEsycHVxbGV2VlVuUVVJSW9ZejhYX1BkWERsVjRRWkVCWWhnbWVVRkNfcHcxeXU4QTEtTkNXTm82eHZHaHdWNDZ5UGFjMmwybXJBU1l3YWFNeFNiSnlMVEV0Q2pXeWtDYXg2dnh6NExVS052RjFB?oc=5
HAPPYFORGE.NS,2023-04-21 07:00:00,"Tirupati Forge secures approval for supply of forgings, scrip trading at a discount of 57% from 52-week-high - livemint.com",livemint.com,https://news.google.com/rss/articles/CBMi9wFBVV95cUxNNXhhVzZHWHlzNzcwVWlYSkZub1RWMlAzdlBEMy1oWll3YU1FTm1XTW1kZHVYcnFSYWg1dkd1WjF2ci1Zb2t0VFRUX0VKellwbFFRRU1fdElERUI2cFRId0FmUm5qWGNBUjBvV3U0UzFtSGtzT0o4MUhyTnJScmVGX3hXMUZEV2s2MUdVXzdkLWhTNjBWOGlzQTBfcHpCaGZkNXBMQ01hRmZfVDh1UlF6WjBYdmVwMlhIaHFac1Z6WDdnV0pkV0Z4WEYxSjQ1QnJxTkxjel9QZ2hFdXIzOThlcWpyZ3VwRmwwUjNXWjZDdkNaUHJhUENz0gH8AUFVX3lxTFBTWDZHcF9rQTJxUXdpdzhYLU5ENVAwbWpfZUhpRy01dzNrX1BySEVvdklRT1lMbTBWRlZtakNLOTNLbkFjdE1xc01QVVlnaGpWcGg1cm5qUkh6eUpPRVZYQWJPRTJfWmVsUnlkY1VQbWNBT1NvcnA5X24zUnFPcUVoNjVpeExqdHNLN0VZY1QxczN6Qi1OcmpBbS1sYkU5WjhDWGo5Z0dXb3pLbThNN1hfOGVwVWs4MUY4RU50S1VUQW5GWklsU3ViX0R4V1VTeTVPRnM4Q1NGQXVaRVBVd3V4aTJhMk1aTDM3cUJEc1M1a0xfTFluck1QdjB0WA?oc=5
HAPPYFORGE.NS,2023-06-23 07:00:00,Schuler forges two significant orders in India - Machinery Market,Machinery Market,https://news.google.com/rss/articles/CBMilwFBVV95cUxOdUxLX2s5cXFEMHF5cjZXT2ROVzBSWTFVb3J3VzREWFhnb0poNC1QS0NLUGllQ25JRElRX2V6d0g0bUh5MFcyTllNZmZlLWhKcGkwMGU0a0s3SkhSbTRZazQ5SHZkeEVmbzJkb0UybmFpWENRVXlpVFAyUWJYdVBCVUVielV1RGxqaEhfem52eUdkNVF4SjFN?oc=5
HAPPYFORGE.NS,2023-10-30 07:00:00,Ludhiana-based Auto Component Maker Happy Forgings Limited receives Sebi nod to float its IPO - Global Prime News,Global Prime News,https://news.google.com/rss/articles/CBMizgFBVV95cUxNbzVieWt3NU5PbTA3dUtXX2l0cUROeWpzSjA0LWhoOVZOREVJa24xTl9Sejkxb2pwM21hc3FmMzVYLURLQjBwdXBkYTlZRVZTQmJmb3lCN0dIWjltMjE3eGN2a01KVWcxMEp5VjMzM3o2dW9SVlpzWDh3WVJpbE13WnNwZzBZU01oTWR0UTM5Vy1KZW9ZZm53TDVwZHFwbk1QdTEzTUYwUHNuN2VYQl9vNVlWQkNIRk5GalVtTTZyakt0QUw3TDV1X2l1UDdJZw?oc=5
HAPPYFORGE.NS,2023-12-14 08:00:00,"Happy Forgings Ltd. IPO Opens on Tuesday, Dec 19, 2023, Sets Price Band band at Rs 808 – 850 Per Share - Global Prime News",Global Prime News,https://news.google.com/rss/articles/CBMi0gFBVV95cUxOemktZEYtNzdVZlFMNjVxR2hvc18tVDNXdGFaMVY4LWJ0UVprUmxLYkhTRWZfWE81WXpicmxwbXhka241OGN4RUphVXEwWUVlNkVNOUhrMGxTS014YVdrTnpsTFpuU3Z6dTRyWm1ZeDN6QUk5cUk2b1BDSVI4X2NBTEVVM2JGcXpZbHBKVVJuN0VNQVJNaDFMWUEzZC1Xc0ptRE9OVzlULUVaUDgtRTFwVUhUX3ZhUEI3X3I3d1ZPckJhTFY2UXVnMWc5ZXNPTXBKcmc?oc=5
HAPPYFORGE.NS,2023-12-12 08:00:00,"Happy Forgings IPO launch on December 19, comprises fresh issue component of Rs 400 crore - Moneycontrol",Moneycontrol,https://news.google.com/rss/articles/CBMi4wFBVV95cUxNamFla2wtOTg5d0wtb0toLXI0N0RzLXZFVUVmUVZPVGVXdWgyYnkwMG1paWVocWpRcHNZWjN6RWswZm1BNmlVNm1udU1Qb3Y4VmVBYzhsaHM5S3pfcGw0a0RzeDBkUy1xaUtjbVlRd1c3NWoxaEdRT0dBTkFWYzdiRUR2NGdRNkQySWJYY1lUQVJCUEttZUZ5Ri1iQm1GSXVEYjE5cTY3cnlHc1p2MTNMV2hhQW5CYUZDemRNNGJUQUR3LW1HaktYakpSTDh3c0lESklmV3RrcUlPd0ZEdVlyTWdUUdIB6AFBVV95cUxPWE0xZE5wNE5JV0NmLURYR2xOTGUxclQyVUF1SXozZ21mOWtLaXRhNHFGcDMyRXFWc0UzNDhoS3liYzJtUmF5dDJjT3ZsYXZDSlZQMVVUaEZoSE9VR2F1TGhnSjFWcDhCd2ZFX3RqbmpVMWVJTGIzc1VOQV9ncEU4bTYtV3ZnU2ltbktCNUxkaXk1RmxfcE5aNDhBLVZ2eW5Xa3U1SGtaVXlscERtQVhrVGdUUHFoZVVtY25lbTY3RnBNTWI2ek5GRmRHaWJ4UklhbjNLYXUzSC04Y0xhckVLWVIxcFRfcGh6?oc=5
HAPPYFORGE.NS,2023-12-14 08:00:00,Exponent secures $26.4 million in Series B funding - Autocar Professional,Autocar Professional,https://news.google.com/rss/articles/CBMikgFBVV95cUxNbnI5MXdUazFLUkJYTU5uNXcyOHY5aXVZQjVKYy1vVXotZ3kyU1VOOHRsdlNhRFFoVng4Q29DZnEzM0ZUZ1NYV0JKcVdTdHNTcnVyOENYNXo5ZWhkSU5zVVYzRG0wM2I3R0dUdVJkR01HYmtpaTB2UG9LUHlFSXc2X2xBbmVvUG1leXVNcXlINHgyZ9IBmgFBVV95cUxQTVZlRmJMd2l2dy11Q3FYeDdLcXdIaVh5VXIzeW5na0pzODR5WmwwUnZDX2s2cWhPSWp4aUZ1U0FxdnZLU1o0ZWY1RDBzdDJ0ajNHUEFzRDJ5SVBzU3hlOC1PSUdrYnlwZC1IMF9nTWIwVWVOb1lkVG9zSUhYSExyaVZIcVpUZDJyMWdrRnhNdEtCQVZQWFZLczRB?oc=5
HAPPYFORGE.NS,2023-11-30 08:00:00,"In total 10 mainboard IPOs in November, 8 lists with premium; Tata Tech IPO tops the list; check details - livemint.com",livemint.com,https://news.google.com/rss/articles/CBMi7gFBVV95cUxORkdyRFFmNDJocjFuZnVFN3hVVXJiaF80NGhZY09rSUNwcmx3NGJwN1lxaDNFTEp0RFV2S20xZmNOcWprdkhKamgyakZwUThtbXJxZGhtN0ZYUjNCVUNyNmtsR3lnN0pKX3VPRTdnT0dhZ082OXhOX2ZReXNCUGlDelZwN29rNEpmLV9ZWnNsNGFsRy01d1lKLTgtUm5jdUhmWXI3V29TUjJWTW4xeUtaU0ZHamp6OXExQ1NDSUc1czlZOGFyWjhmUmZTWi1mNnNHNFo1MEwwd0UxX0NMdW1EbEZwX3lnNGRDbHdqUmVn0gHzAUFVX3lxTFBKZGQ1RVZqak1EMUlNWnVRVDNYVkRXNVNCbGhZZGhwZGxuZWhZNWdlNUtRZFlXX0RaMGxZTnh3dm1ielpfN2VPOEFjdm1TY1RyRmUyX3VIZ2k1dk0tSnBqX1M1c0V1VlhCekZOaVF0RFpmUXJOb245QXpOeDloZHRwdnJmQ1gwV1JpWkNfRjZaZFVVVHQ0VHBUM2p2LUZUVUhSbnVIa19EWmZxQ09Qc3gzN3g1QUdWSHZxbmNsa1U2UHI4d18tRkRIYVltanVzd2VPRWtFQmpHeWtGcHdUX1hJcFFsb3M4aVRWWXlYc29hT2pZaw?oc=5
HAPPYFORGE.NS,2023-12-14 08:00:00,$340 million fundraise by Udaan signals pick-up in startup dealmaking - Business Standard,Business Standard,https://news.google.com/rss/articles/CBMi1gFBVV95cUxOOEZHVFZjUjJubUU4ckQ5cTI3cUdtdFd1VU0zc0loSVoxanFlYjA5aVJjM1Q2NUl4ME1tYzZHT3dGVEpYYkd4VEpHZklLREdPOTB3ME00cnJMY0dtcHdDTDdEXzRMWS1hcDNKb05YNjJUQVB1cEcweThET1lFeEtQdW5CT2lHczNKbDNVODBBTlV3S3dVSHdRMFRhclJKX3I4cEIyVWJEZG5ZaFhhdUp4a1dNWVRJamZoRW9uZkY5SXJtOVNCNE1zTk5PRmkxTWFZamNvRTNR0gHbAUFVX3lxTE9OQ2VmYUdzU0hwa3ROaXQ3ZS1RMFpWZkUwNFp5djBDV0drRk80bXFwZjl4ZkFBblhIQlVhQ01HZldHLTFDRUN5dlZNSjJmdXNBaXNSMkdWVlVFY3MzRDZnSVdQRHh1eWNua2Rxc2JXbzZpVFBjRVMta1R4eU5aakV6Wkd6b1laY05rdl9SeHhMWDBHWGk0MnI0WDdMQlB1QXRFLXdMSEFGd0FPemJyTmhUVmI4OGI2S19JVERYdTY1SjJ4eEdlZDdNZ3RCWEVqc3ZWbmpwMUl3TDFQOA?oc=5
HAPPYFORGE.NS,2023-12-12 08:00:00,"Closing Bell: Sensex falls 378 pts, Nifty at 20,900; realty, power, oil & gas major drag - Moneycontrol",Moneycontrol,https://news.google.com/rss/articles/CBMi7AFBVV95cUxQTmZPMW84eWxrMWxieTRzb2llYWVVZXhUOXdPWVZTc0NDRmZSdkdvS1FDUWJzSVNvRmpiYllBT1J5QV9OTktkNEllNTFNNG1oUU9CR1h5cEZBNmNNZm1saW5wampuV3E1OU02d1FEYm1TWkk2Z191TDJfeWI5X1JYckJyOGg5WDZsRkZfRjdSbU1HaHFMTEYyMy1mRmdDRXFEdFZjSUI4Z0JkaWUySE1hX3BURnJtdGlLUUpPdU1XY295c3doTGNISkVoS3I1eFlEeDd6d2FpLWo4SXVRQldxWTdkckhSTTA1M2t3bdIB8gFBVV95cUxNM0ZnSU1EcXZwY1VfZG5oZTUybGhDWXpwSHJ6TmtWOEpvdHVKZnZhNnZBQXR0SEZvVGtOXzlEYWY5bk5QUlhYMHRQNzNrTk9sQmNyaWhkR20ybVVxTkxMN2NDMW9nMTBqaGkyUDBNUTZuZjFHdV9RYXlqVTlvYkx4VEc0ejl1ZDQzSllVSEZENDl3QXFZVlJkYWdZSFZ3b29XclBmVWhybmRqbXdndzA5cHJCTjVlaUg5XzRaUjJYYVVvcDlxMTZfY0p1ZUxKUDZsdUR1R3V4ZzcyaklJNlkzT3Z3anVPZFhVUVg0X3NmR3U5Zw?oc=5
HAPPYFORGE.NS,2023-12-13 08:00:00,India Shelter Finance IPO: 10 must-know points from RHP - livemint.com,livemint.com,https://news.google.com/rss/articles/CBMiwgFBVV95cUxQX3lRUzIzUW9mSnhhMGxVQnpJLTBmb1ZKTjhaUXJ4ZzlNQkZhY0RSVnBUcFN2MzZQNHRYNnBkeDNwZDdOYUM5XzZueUswMkg3bnhucV9IeXdWZnZwZG4xejY0X0txa2xaemxYX3lLc1haamxzTm1qUVlkdVIxMlBjTWJkUnA2dll4VXJYSWh2bXVBazlvWG5Mdlc4Ykx0TDM3dTZhSHBteFpoT1hLaW8zT1Zib29NQnA1VDMtVmdwRTh1UdIBxwFBVV95cUxNVV83Sl8tVjJrYXJVT1ZOX3dLSldKWVhJUkdkcTBEbWZmUGN4SEFMZHRoc3RVZ3JhMVFKdER0WkVPTVd5MnAxdWJhcDV0Z1c5dk90bkNFbWRsRTY1cXNPdnFxYUFvR2dybXBzMXBXM3hlM3dUU1pQbEVlbjdEQmFuWE9vRmNNcF9LVWR0N1VlUDZ3cHcta1BHYUQzZjlQTWtyLVNfb1BaRm9HVXdMcFh4ZzZHM2wzSWFfZWhpaG82akVBLW1oNlBB?oc=5
HAPPYFORGE.NS,2023-12-14 08:00:00,Cognizant gears up to advance women in leadership with new programme - Business Standard,Business Standard,https://news.google.com/rss/articles/CBMi0wFBVV95cUxPOGZYYzlQRUx4UHY4S2RxdnFyVzdXMDdVclF0Q0JzbThkbXpYQzd6Ym5VZWhMNkNpbldONV9jVGlmMmNwS0RmdG9kcVlQTDdIVkRXSGJ1SlFwNFZRTTcxVnAwNzYxQ2llbXNWamlFTVlWT1lGdXM0THloZF8zNjNtU21fVlozVGtIWDhrMjQwR3lmaWg0R3hGeUhyVzNUSVdyeVhoU1REUDFoaUJsc0tjcFhMajk0UjktazVSaDg1V1JRTXBINWNWb3BjRWtCekxXMEdv0gHYAUFVX3lxTE9xVE9PY1VwUVFMcmw4WGJUVFVrZ1RtLTNNeXF0VGpnRjhaTTlUUEFmRzZ1OFlTTlBqWlpZOGRFNUM4SE9od19ZMjNPZmtJN01PUWlpZ3VqV3RBbDk1ZjZaSVdva1VCbU96NkRGTDNyUkVlbWxDYnJmaEpCRTNGeGs0STB5R1RhTFM2M1RobnJST0hiWnZoS0NhUTBkSktaVmpwUTBCU3A2dkN0WWdFanVlY1ROM2R2OHZQZG1JOXhFWjdrOEhyUk1PZ04zb2pfa1YzUk5KU3NrSg?oc=5
HAPPYFORGE.NS,2023-12-27 08:00:00,Happy Forgings share price lists with 17.8% premium at ₹1001.25 apiece on BSE - livemint.com,livemint.com,https://news.google.com/rss/articles/CBMixwFBVV95cUxQSXE5UDlFZlJPMVlwWmRESWV5clM4bFJ2RThFbndIOUlDQUJsdnJ5d01yMGxpQnRVNHZYNjJIM1JzZ0tzejdoVmhKOEVwc184TXFiZF84RGozejl6OV96UUNiT3c5cFU1aTMzUUhrR1JJdEtHbE0tR2h4SlhjdF9vZWJHZFBhdThGYmR4Q0xfTVdIRE1UQl9zNVl3VW1fR24zWElaYmhKekdtcFNvRWpFMTJINWtuWXFVem5QSkNBQ2ttd2l4N2o40gHMAUFVX3lxTFBYc2E1cTJRajBPTUhCZFBqZ1p0djF1b00xR3FabkE3VGNXM1pWZEdfWHRLUU9hVW5SV21FRFNnaFg0NTdYMnVQODJWMC14YXNfY2FCM21ndXdWcHIzN0Ytel9GMHFZSllkamNzdnVfbkZRRkRjZUQ1eFc0M09TZG1NeDhSdmotUzI3MjJwa25NSVZrSkd3TWM4UkZ2Qk1FdkwwS3J2YlhGN3FwWk90M0tlT0swYTZZQ2IxNXBhcHFvU0c1OHBwWXJFaWhCbA?oc=5
HAPPYFORGE.NS,2023-12-27 08:00:00,Happy Forgings share price Highlights: GMP takes listing day price to ₹1000 | Business News - Hindustan Times,Hindustan Times,https://news.google.com/rss/articles/CBMi2wFBVV95cUxNaEt5dnRRd2MyNkxDOXhpRENpV0dVdFduNVI3NmYwZ1BCcGljV01sZ1dwdVV0VUZJZGpmZ3daX1RwbUtkMVBTa3hJUkNsVHFrbjFIZTZpM2tvcFNiczFDYWFfdXJEdVJYeVl6VjdhVl8yeThDSTI3bE94YW9ZaHljNlFQZTVKbnFwa0lFY2NNYUVrdmpwRGw1UUQ1b1p3aE1tcWhRSVFhXzVYWVFCcWhOVHdHSmZwSUlyTnBJa1JpS0pyLWFDLVFNczI0MHVGWHQ1ckhUbGVQNmQwdUXSAeABQVVfeXFMT0FSNldtelNGaFBVVERZX2lzSTZLV1Q1MDZlMThFV052OEVJOEo0dWRoOEtKOVR4QWNteHN4aHZGN1pBU0hnZzRka1N3bERCYnV1WmFEamRKU0E5RFo5bXBFaU5kVkVBYmZITHRJYVR0VUVjamtnQmx3bDFrUUlWeElGc1dCTFZ3QnVPMDZsa0VNYllNa00zZFZaLUI0VUJzSERVZDBSMUZpbXMxeklLcENfejFONkwtRlU4ejk2Zm1vVWdxRndfb2F3WndtQ056YTZ5clZQRVhsZFNzLWdqRkI?oc=5
HAPPYFORGE.NS,2023-12-20 08:00:00,"Happy Forgings IPO subscribed over 7 times, retail portion booked 7 times on Day 2 - Moneycontrol",Moneycontrol,https://news.google.com/rss/articles/CBMi2gFBVV95cUxOcS1PUjFUWE85dkhXQmUwMGlqSU9OQnNHRHlQNTJPX2RkTEhNeE5Mb2tVR3VUSkRPMWtXNGJQcDdYM3FmLWlXYlVaQk14Y2NKQ1NieXJIejU0VmdSZ0ZROFdhRWh5ZG9QaUhheU9VRktBbkNrYkI2Q2FsWnhEZFgzVUEweTNvMkNRMFJXY2kzSWVpMWRqQUJ4VXljLW9uLVktZ2xYaW13RHY5MU9DbWQzWGRhb3lwWlQ3aEpOQk1wbGVkai1rYjZObHEyNzI0QXJScS1BMjkySXRmUdIB3wFBVV95cUxQUmFGY3JvZTQyclBVcW1ZT1hvbkJYVTBtcEN4cEdQQmJqdW1MRnVrdnROMjVXa1FXQUJJc2c1Wjl3UjA4aVpxb2M1WmdZQjlmcnR2ZDJBc2RSZ2NWS1hFMlJQd0ttTTF5QjdXbWx5UHBxOVU2M0ZVUm9UYU9ycm5xY21jNjR3S015NVowUUtWTnpWTldWekRlYnZmLVZ5QzRnajA5a2IyXy1mOHNZLXp3eDdibTdDejFFRmg1YjQ5ektBemtCNUYyaG9GdHk4Z0JzdGRPc25rMkxqd3JBQkR3?oc=5
HAPPYFORGE.NS,2023-12-14 08:00:00,"Happy Forgings Ltd. IPO Opens on Tuesday, Dec 19, 2023, Sets Price Band band at Rs 808 – 850 Per Share - Global Prime News",Global Prime News,https://news.google.com/rss/articles/CBMi0gFBVV95cUxOemktZEYtNzdVZlFMNjVxR2hvc18tVDNXdGFaMVY4LWJ0UVprUmxLYkhTRWZfWE81WXpicmxwbXhka241OGN4RUphVXEwWUVlNkVNOUhrMGxTS014YVdrTnpsTFpuU3Z6dTRyWm1ZeDN6QUk5cUk2b1BDSVI4X2NBTEVVM2JGcXpZbHBKVVJuN0VNQVJNaDFMWUEzZC1Xc0ptRE9OVzlULUVaUDgtRTFwVUhUX3ZhUEI3X3I3d1ZPckJhTFY2UXVnMWc5ZXNPTXBKcmc?oc=5
HAPPYFORGE.NS,2023-12-20 08:00:00,Happy Forgings IPO: Here are 10 key risk factors from RHP investors should know - livemint.com,livemint.com,https://news.google.com/rss/articles/CBMizwFBVV95cUxOUUN6MzNHRURoYlhSeDdjOGc3Wll1Q3QxejkzWnhaWVRadWgzUDZwVGNjMWlaZHBrVndfaVUtQndOaDNvUlhOck5heFBvTFhaZEE1RzdkRmE5R0RnRGFndTRKYTc0ZXRRU3JVclhOTnAwdjBiUFpWcVUwaXhNMVVQN3F4X0ZBcmpQVThVUW5mcE9WWEVJdXRVTzRsMldKU2tybFpYOTdPZFAxOXN2UVF5M2ZyZGpKbm1mSXZmQV9CTjNlbklBMU1YSnQwTnpxSFXSAdQBQVVfeXFMTzAtUlVVNkczUnlsWDl1SEVjUWI1VXlQUy1BSUNuQmxMbnFsVlVyb1I0T3d2Z0FHbzZPelNnaml3Um9JM09JUDVsdlIybjBZdTZjWVpjbzB1VHh0WWpKc1gtTTNKUWJBT3hpQVh1YUdRbmM5SkFhYzlfWlduRjdlZHhUa0QyejdJNXZZVjFwcUt0dG5uT1B2SVRoXzd4aDJQbnlzTVY4NzJyUTg5RDVsRGhuWFhmdmtrZlJuQVJXQ2c2RWJOWXNVTC1QZV90U0JZWl8wRnk?oc=5
HAPPYFORGE.NS,2023-12-27 08:00:00,"Happy Forgings IPO listing date today. GMP, experts signal up to 30% gain for allottees - livemint.com",livemint.com,https://news.google.com/rss/articles/CBMi6gFBVV95cUxPbXAtVHRJTUlvUy1TLW5mNFdJTmd6dC1nLWlsXzkwU0QtRHFJSzRuV3FnUWdocTgzLVdTNzdCTVRUenJBOEdIRGVKNVJlWFc5WDFrd3lnaDNENWlpc3k0SWNNT05Ga2JlMEVSUjFqOUZ5bXRKc2JnbVJNRF9NbE80aVdyNEZpSzQ2WHV0ZXVFZXd2VDM3a19RbU95Y0hjZUFzOW1KczEwQTFJSzZFLWs5UFl0bkhqa19FT3NmRm11QzZxY2N6dDRLRzRjOEFqS0QxUndxQlU4RkxyYkY2eGF2MVhqVTdVZUhDdmfSAe8BQVVfeXFMUHhXQjJPb2p0ZUJUQkR1RS1EWUxSbEQ2a3RhaUx4UlpKVEdSQ196bFZpTml0S0VTY0djUDBwX1J0YXFyQkVkem42cUZlTFkyQzV6NHctckxlcU5fc1lqQlh1RDhYbHNDejQ0dEtvV0JPZmlGZm03QVQ3a2E1Umt3WEhSZDl1NzFqeGk1ZkhSNVlCbkZrNWd0QTFfVXNweEo5MlltbW1fMDk1YThtNG9uYlJvYVdjYmc2QWFobEVwb1BySXhvV1ZhQjR1aUtnOGJKX2J1OHdVNFF4cllsREZzVTMydUpSa2otZmtnNnU4RzQ?oc=5
HAPPYFORGE.NS,2023-12-19 08:00:00,"Happy Forgings IPO opens today; check price band, GMP, among 10 key things to know before investing - livemint.com",livemint.com,https://news.google.com/rss/articles/CBMi5wFBVV95cUxQejNCZ2lxQmpfVHRPUFFYVWdPaXlGallueXFsOUQ1emh0Rk9jU3RBUncwMFVpY05sMzBfZmd3dS10YkVkVTYyZDhUeGVQWkRvWFoyQ0ZSb1NmR3dzZEJxV1dycGkxc05Bb3FlWVp1c1k4MzFGaEE5cEJaaFQwYWhWZlpzWXFIdW1BdGYzSElUTUxfZzZlWnlmQUdCT0hhNkgwOUJYRG1KSlJpU0hJLVV4UWZHZVoxOGhMMmYtUkdCb3ZmbThESkprcXZ6emE5TDVrdTRvaU9OVkRmZkllQTZWdGVKM3ZpR3PSAewBQVVfeXFMT3ZsSmdneWh4QTBHbU5TNGoxU1RVUGFhbmRSVnNvV0ROdkRhRzZzYjJEbjdxRWY2UW9ONG90X09mN2ZDSjVCdzdCcUhrMFdLMmprNFdMMUxwTUpjZUZpeFZDMzBfQWYyLUxfTVBNQ1VMQXl1SHFYcnEyNWxsY24yNEE2SlZHVHlLNDAyTUVMSWJXbTJ6LS1vQW5OWVZCa3N0YUI4ODVhTF8xV2g4X00wWEhmeVN2OFVycWE0LWp1Ukd3eGRSNEtYUUdfMlJPZzJYS3lhc1hFVjFSNnV5ODdCNUlPcUFSNTFDemptVFE?oc=5
HAPPYFORGE.NS,2023-12-19 08:00:00,"Happy Forgings IPO fully subscribed: GMP, subscription status, review, other details. Apply or not? - livemint.com",livemint.com,https://news.google.com/rss/articles/CBMiwgFBVV95cUxNVEZoSWdfMjlVZnFjbll3eG9Cc0taTDNjbnpGclhiOTZ2SVNEZmhINmVPRGg0eVBDXzkzSzl0ZnlyUll6RTBkYTJCanpEdGpadWFwQnJ3dllFRVR1ekZIYWxWUG1sSnRuS2FYMnRIR3FmZVdfMUdwWVF6Q25ob0xkRHd0NmxsbG1yc0pHejQwaFFZdmxZOF95UExCbjR2TUN1YWJudmhKZUxPNTg2MjI3b1VJZi1KSFRFY3VMS21GU2JVd9IBxwFBVV95cUxONjJpZHhJMGRHYmVub1pwdTRzMXE3UmV1anVOSURNX1JwbzJFUjlYcTRuT2U3TDlBejFCaVNoXzl6RnN2Y1g5eWh3UkF3T3g2UHZpZ1hLekYwZ2dUYmFVUHNTWEhFemZJV0pwSFRJLWRVcG5tUUNKYUZFY3dKWUh2RzB3MTZhZVRBZTJJYTRtczdTZGlKRUNFTEV0NGVTSVFMTDd2aDg5eDZpWTk4aDJBdWtBNkp4bmVBY2hTa3NNQ2NNWE44OGN3?oc=5
HAPPYFORGE.NS,2023-12-22 08:00:00,"Happy Forgings IPO allotment expected today. GMP, how to check status online - livemint.com",livemint.com,https://news.google.com/rss/articles/CBMiygFBVV95cUxOdGhvNEY3RGJoSDhzY2hCdGZadDdBU2l2WGwxZzIzOVh6UkEwRGppV2FzeWpxOFVmb2JUeEFTRkNWbEtnNGtOU3dDellvOU1iUGN0bmw5cVJ5ZUVnQU01NzdObWtzSTdCWmwzeFpRc0xLa1h6bjNMb2pUa29OWGNDdGNTaUgyb1ZMRHNZQzhLUEtVWHlfSjloM0ZybC1XZjFwdjRiMFV3Q2hMRzFpRFJjbjFDaV9aN1JtSmpvalhtRTlXaFZydWhWbFdn0gHPAUFVX3lxTE92bk55UHFoSE1vWFUzTXJSN0NseFdBc0lfcjJzU0JWVXRNRXhzX0tSWnlQaW91ODhZWHJiRmU5OG9CZjBJNm9XVlppTlRsRWdIdW94SDgxc0FyRllnaDVMcDhZS1d6WV90TGJGci1Kbnk4aUJUYm9Zdjk4QmRfME1hR1JZbmpaMW05a0VmVUFXSEF6cmJlUTVGYnktckM2UFRic0JYc3dWc0R2eFhVV3ozQzlHaU1aaUJBbWpYTl9sM3h5bEphU0Q2eWU2X2wxQQ?oc=5
HAPPYFORGE.NS,2023-12-22 08:00:00,Suraj Estate IPO and Happy Forgings IPO: How to check allotment status - News9live,News9live,https://news.google.com/rss/articles/CBMivAFBVV95cUxQWk9HTGgxTzU0MFFEZVliVTd3SWZyMDhPTE1tdTFualdDVEdNaGZWYTl6REFtZDFPYW5qNk1xaW0yRXl2bmw1ZTVUTXNFc1o3ZFpycWpESE50N01oRnpVYVNOOVpVUnB1OHIxNWhmYmpuN05SelVVdkdRZkFuOTU5UVZVVVJIQldTYUlpOU1RWVJLZ1hCYnFjY2pDekdrTmdicWpfdlVsZEotMlN5WWFGYU1CeVhyZkxoNTRsV9IBwgFBVV95cUxPYmZIeDJOOGZYM2RMRGVOSnBZTjZnTXBnLS1ETmE2R252RmZJaklfTlA0VVRwQTVqRjZ4ZGJZTUV5cGJNdHIwY0g2QVhtTUx2ZWE2OFJnVlFDNVFJUFphbUhrSTB2aklwMGtUNHNMUnptVXloeVpIb3lFekphSWpXRk5EdnJDVXlBYmt0OTd4cmY4Njl1aVVtbHZ0NGk0ZDMtUFZGTmtuNS1CcmFUWlZYYTdGUDE4M2trVEF5VFFtMm1Ydw?oc=5
HAPPYFORGE.NS,2024-03-01 08:00:00,Happy Forgings rallies nearly 7% as Motilal Oswal starts coverage with 21% upside - Moneycontrol,Moneycontrol,https://news.google.com/rss/articles/CBMi3AFBVV95cUxOZFo4UlA4ZXRsSEs1dWZUVnc4amgyNV9PVmVvcWNRbVBKMWdVRUxaS3hIakctYXVjNmFpMk9oaG9zQ3ViamtIM0x5MGF3ekt2RlptVTRoX1hwVUNCVWxVd0FydlBUbWhfOEtKYkRCUGJDMXMtRFUzWVhtZmZPeU56UThmVUNwd3pEdlU4cnV2YV96TUpEQmdGZEdHbGNwUVJaaUsybUcyZi0xQXNVLWFvdEt6NkxILXJBWHdyYUloZEtUOGJKd013X2h5TTdjUGE2XzJieFgwT0kxcW820gHiAUFVX3lxTE1NbU9tQzk4bXFSY1VYSlhFbm90b2VTYkFXTk1SaklPdTduZERsMFNlYTI3Zi1jY1J0eFJxbnlQb3NiMXk2ckRldEg3SXlud21Ha01BdWRvWnhQUS1iR3dLUVB1X2UwdnhSUWdiSS1KYXNQYm5pdDBLSUJrWmdYNmppSDNzMkRyNS1GOEplcTNJY21JbU4wU1p3amoxQnJWMEdiTkJCZmlDdjk1WDFqUlo0WlF5MC1BVnprQWVrYVBUQWZLdFdWUWdwc01yQ05Nd3gtOTZReXc5TnZxSE01OW9GcVE?oc=5
HAPPYFORGE.NS,2024-02-25 08:00:00,Happy Forgings Takes the IPO Route - Auto Components India,Auto Components India,https://news.google.com/rss/articles/CBMidkFVX3lxTE0tenJ6RTZ6RE9WNi1sUU83Z2dsbDRUcDFlU0NxZ3JVWDVZNXZNOUVSYjBJVFE0YjJMVGczNGZyamJveDUxSUhBZi05NWN3SFVsNkp3WVc4djE5NXg2dHN6bFB3THVhUFQwVFpGaUExRnhwNmhrLXc?oc=5
HAPPYFORGE.NS,2024-03-13 07:00:00,23 IPOs hit lowest level since listing; 13 fall below issue price - Business Standard,Business Standard,https://news.google.com/rss/articles/CBMiywFBVV95cUxOTUxRd1VuQjB5MVh5eTl6LW5oNmdnRnNNUDNLSUhTQ3NHY2hHWkFJQjI0ZXRHR0NVZWtnNDNFMHA0Wm5NZ0NDazF5U1FmelZDY0NFR1lvcm1KWWt3R3hCRC03TzZZWkladi1TNW9qczdqZ0RMaXNXaGNOZ1QydjI1dVpnT2xuS3lJU0hwaGRjMjE2NGR4VmF3Q21laDluVlZEams4T1dEaUFtdFRGZXdIa05JdHRic0MwM0VyTHNCd3Z6WDVzSjNjMzQ5b9IB0AFBVV95cUxQcHQ1NHVXNUxKeU5WZ1l5QTh5REhfc1VEY3B1V2k4ajJJWndPb20tU194MWhEeHV6elRUS05aYUZPY3ZFR2hkSzNJRFNRQU5OVmh3RUhCZlNtbWM3akpMSnUwazJhOTFOVFlhT0Zlby1Mc3lxLTNhcnpwZEdERFdnbGs0QnV1MVplb2hoOXFEQmRvd3NRbW94ZFlOWVVtRVNUT1ZTejE3WnF5TzU4UE9aa0RxaWlwbUY2VUJMblRZZ1hHejVndUR6bHRmTUNOVndB?oc=5
HAPPYFORGE.NS,2024-02-13 08:00:00,Auto component industry's revenue growth to moderate to 5-7%: ICRA - Business Standard,Business Standard,https://news.google.com/rss/articles/CBMizAFBVV95cUxQdWNMTVh1WUJsaHUzRzNubW1LU21sZU84em11UkgtTnh6Mld0V1BybUowdXhhZWpMS0M3d2JKQUtqX2txSFNwSE9ZazBmeFpZMkZ5aDNoVnFXM2RXUXNDSVpkWkNMX1gwS0ZzelozVzh2SjRiZ3NZalZYenhNOXEtZzBGMUpTaTRVYWtWc0Z1dVVxdDVfeTZvX29BN2RsNkw3R1pKc2wwQ1JPeDlzemd1NWVQY2theWpJNHV4TmJjZXA1N0Vid2JVTHVVWTfSAdIBQVVfeXFMUFBiRVBaNHZQYzcwVURib29Md2hic3c0eFFLQlFxNmhLYWt3eXhtb3ZWblNyakhueDRNVl9zZWU2UWUwbmhycDZ6UmpjQ1ljRURrLTB5Z1dkSmNMVno2RmNuMVJOdVpjVHVhR2laQ0RsZEhYbjdTNE4xZWZCMnRvQlZhd3VJN1hkNmNaSTVJNllHXzd5WnM1U1VxaFpMSWdLN2FoZENJZjlndUd4M1ZOZDdUSnhSa2w3eEEtMWF2YllHTGpxWDJITlpGemRkU25Nb0hB?oc=5
HAPPYFORGE.NS,2024-03-20 07:00:00,Fundamental Radar: What makes Happy Forgings a compelling candidate in industrials space? - The Economic Times,The Economic Times,https://news.google.com/rss/articles/CBMi8wFBVV95cUxQVlF3QVdvZlptdXNpVG1iWXd0RktGb1g0WTctNFBwMlppcVBOS3VUR2J3VF9INGVNeTc2T0hRbkdreGsyWG15enU3NTRwQV9Ka0hMS2w1QjV1dnNBOWJLOXRVUkRkc1laY3ZHa1NXM1J0dUpRM3NobkkwUWx5WXNkY2t5ejlmUEk1NWxHVGEtZnk5X1VIM21FM1VFaWtaMW5BWVNfQ0hoWUV5NC13dWdKMlhoSWQ3eERmV2hyczY1Uk5XbncyMnktamdzaXBvaW1UN1B6dHhCemdzd1E0TktwSUlDb2RrVDRsdkNtbHVkRVFPMXPSAfgBQVVfeXFMTm5KbTBXOVV5NzhSbHBfUnJ4NW1HTFV0eDZFTm1UVTVocExOVGEyQ1d6bnVxOU9OSjVramQteFRRZW5JbDdxdVBlYlVUcFE5Ti1ER2ZvcV9kNk1sOEIyVDNrbEI2ZDh6YV9XNVBSQ3JYcUc4M2N4bE5WOGh0VDQzUjJ2WkRHNHVMWF9mWTF0ZDY0X0Joczg5YVM5U3p5R0VwSHpDS0JyVUtPc1kzNU5vYVBWd2Y4QUY3aFJKU2FvVjBUaXd0eG1yemxaVmV6T3VpU0Q0Q2R1UHhxOWJLOVlGQndlYXl3dWxZZVY4YXdDSXNOMWZ3eThyU1k?oc=5
HAPPYFORGE.NS,2024-03-14 07:00:00,Insider Alert: Top 5 Stocks Where Promoters are Increasing their Stake - Equitymaster,Equitymaster,https://news.google.com/rss/articles/CBMi1gFBVV95cUxNVVRfN09mbFhJazdVSGM4SVNYek96OEhmTGFkaVNVVC1wWmdkT0RndW04QkJPN055ZmJ1Vml3d1ZmYlFFZ1hNYnhKa0FqbUdQXzR5dFZJZDV2UzR1dGVrVWVES042WGptRHRHWmJ3WUVJTUtndzUxTHJOQUxHUFNMbGRqR0twQ2FJb2wzWEJFT0F5TnZpdV9LR3hsOWs2b1JmUnc5QjBiZHp0bklwZU9EU29hUW15Y0UtcV83a01GcjhlOUtfTWFWWWtWc292VGI2VDJUMlVR?oc=5
HAPPYFORGE.NS,2024-04-10 07:00:00,"Share Market Highlights 10 April 2024: Sensex ends above 75,000-level for the first time, Nifty settles at record high; Media stocks shine, Pharma drags, Reliance Infrastructure slumps 20% after SC order - BusinessLine",BusinessLine,https://news.google.com/rss/articles/CBMipAFBVV95cUxNa0RxUmxIWmNIbGQ2TXJLU05CMkoyYTR1T0FsbnpmWVJidWROQ21Mck1Hd2NQMkRCcGVOdkpCNlhxdFhzdWpMTUtXTWlpdGRnWXU4N1hIa2hBbmtJWWhscG11UUFUTXNycGRhc3FrY3U3Q25UN1phN0ZZSkhzUE5nOWZuaXBZZ1E3TmRxNUFQZUhKWFdCR0NSMUN3T3dXMWswWHVCVtIBqwFBVV95cUxNY3ZYUXlidENveTBlRFZTZ05pbFBKTnY2VnFESWI1Q0NNTmFNVGZMQ2FCMlNMRzJ3cGZjWldDcHUwMHhORHRBUzZoVlJ5S0NlZG9KZ1doOGF1b1lBNTZYblZTbjR0ZTV2dEpvOE1UbmttcGEtXzFXbGc3R3FyZTJRQXNpemhVTVNuVWhmemZGN3JIaWhMQ09nYTllTXlVYVBzUG96RHRweGMySWs?oc=5
HAPPYFORGE.NS,2024-03-13 07:00:00,23 IPOs hit lowest level since listing; 13 fall below issue price - Business Standard,Business Standard,https://news.google.com/rss/articles/CBMiywFBVV95cUxOTUxRd1VuQjB5MVh5eTl6LW5oNmdnRnNNUDNLSUhTQ3NHY2hHWkFJQjI0ZXRHR0NVZWtnNDNFMHA0Wm5NZ0NDazF5U1FmelZDY0NFR1lvcm1KWWt3R3hCRC03TzZZWkladi1TNW9qczdqZ0RMaXNXaGNOZ1QydjI1dVpnT2xuS3lJU0hwaGRjMjE2NGR4VmF3Q21laDluVlZEams4T1dEaUFtdFRGZXdIa05JdHRic0MwM0VyTHNCd3Z6WDVzSjNjMzQ5b9IB0AFBVV95cUxQcHQ1NHVXNUxKeU5WZ1l5QTh5REhfc1VEY3B1V2k4ajJJWndPb20tU194MWhEeHV6elRUS05aYUZPY3ZFR2hkSzNJRFNRQU5OVmh3RUhCZlNtbWM3akpMSnUwazJhOTFOVFlhT0Zlby1Mc3lxLTNhcnpwZEdERFdnbGs0QnV1MVplb2hoOXFEQmRvd3NRbW94ZFlOWVVtRVNUT1ZTejE3WnF5TzU4UE9aa0RxaWlwbUY2VUJMblRZZ1hHejVndUR6bHRmTUNOVndB?oc=5
HAPPYFORGE.NS,2024-04-02 07:00:00,"After son denied ticket, here's what Menaka Gandhi said about being in BJP - Business Standard",Business Standard,https://news.google.com/rss/articles/CBMi7AFBVV95cUxObWQzWDVnZi1PY2haeU10U2RISW93cGpCaUxnZ0tEdHZiTDZ5QzBWMmZETTJMVzBBZy1TYnF6NXg4RklzM0swWk1HQ21wZzFJWi1uM2VJMWdzSEpkZlJSVGJPUlN5bVAzcVRPQWYzMm1nYVEzUjBiaDFmbnVCMHR0X0VBdUh5ejhFVnNvWDhpTkhNcnpXM3dBa2NCUXJ6UklDSlV3RE5qY1hZX3pqUk5iTFJBUzkwMGxyVy1XZVlMYlowcXdUOG5ONUN0elY0SkhIY0IyOU1Vcmg4eHlvaUVuTGtRdVFZand1NDg3QtIB8gFBVV95cUxPWTdYRldKcHlHWnl6V256TVVDMVJTVjBzNDItMEhBMG83MDFCWV8zZjRxUUZMUzdjb3RVU0x5Z1JJQ3pPQW5FLXFOM3hWakY2d2dURl9kWUJXLVhfdDJBdTI3YmdLUEZrSlJnRzlsMkQxc21LV21uOFZheDdRQWViZXJuaTBaMXY5TjdhZnZpb0N2S3RiakppNGxpbW84Ui1wRkEyV0dobUdrRXhQNlpNZzhpNk40Z2ZpbE9KOHY0R19GOHRCUl9keGFiOWhrMWhVZDRnWFktaVdfSzVacWliN3ZDWndpdVh1eUtsaTllXzZ1UQ?oc=5
HAPPYFORGE.NS,2024-04-16 07:00:00,Happy Forgings jumps over 7% on bagging order worth Rs 500 crore - Business Standard,Business Standard,https://news.google.com/rss/articles/CBMiygFBVV95cUxNQXA1VndXeDB0MDZfLUQzS0p4Z1B6R0Z4WE9vUG5YamxfZFdUNC1keHpubjJwNkZBTk45MkVKLUN4MkIyUWhVV2F5dFRsaUZPcERjX19pOE1Iay0wNE55ZXQzdUsweGdZRVhrak9MSXZORDV3bUxEQXJvN1dRVTdPR2M3YkxfbVRJaEVBcUxuVGlLSlZMRlFoVlQ0clhoMXk4bjU2MVY0QkZmMTFjd3luZ1pKWnlVeTBYeHJFZVZJTzU1N01LNzBzWnhB0gHPAUFVX3lxTE5zakhzY1FicnJsNmVPaUZ4UGhUMWFCaFpKaU1tSlN6OG41Nm1ncEJpMEhlTHJvT2RvTENHd1FYcW9abV8xN2V6M0MyV3ZKeWY3QXY5SGY3UVVwSUtxNER2dmVYZlF0VS1NNUtlVjZYa01QOGRaZFQ3NVFEREdiRjVtTE81X1d2VVRIVU02ajc5LS1PcUtzZWk2akZJR2xxRFVZMm1JM1F2RVdhQ1lqS0NFZUNDZHlQMGRUWnFDNmc0dEJORGpkMUxQbmd4ZC1GVQ?oc=5
HAPPYFORGE.NS,2024-04-16 07:00:00,Dynacons Systems wins contract of Rs 233 cr from NABARD - Business Standard,Business Standard,https://news.google.com/rss/articles/CBMi0wFBVV95cUxQMUVlTHNLMnROTGVGWmZlcjNLRXdOT1lOeFNINVhvX2Q4bkRIdnVmZHNZdzFackxpeWY3RFAwaVUxTHk5Y1ZYWVBpenE4NGlGLXJDYmdVc1BaaHNYT3p0YjRiMS0yTktyeWVReEYyVGg5ZTl0SWFSM0RQYUF1VnVBRGFuYjFabjNrQ19OY0hNVVJDQ0liTlNWRUJ6cXcxUFNUWXJqVzNjbjBHaUhaZXI4cXJEWUI5dGhBOU5ILVFxNUFSWTA4ZHJ0bWsxV3ZYanJydmpB0gHYAUFVX3lxTE92U21uZXhEYmZOd2VhQmlJbUF0OXhiX0VnTUFBUGxXVTZicU02Q1JJa3ZXWjl4emJGSUQ0SDM4cTJPQVRPTjg0UUpKMW50RzFXXzhCeGZvU1JLRkhDUVVySEczalFrRHpqMk8yT003WkE0c2ZJaWg4TWVFV3ZDREI4am1mcXlSUFZkbWlabFJBWlZFZklOUHJSUzA5NndROV94UEVjRFV3dG5FLVROSWxGVEZfeFh4WkYycHdXN0FvTFlfM1BKQTdzNFZIcFZqR0RXNUFaa01ZUQ?oc=5
HAPPYFORGE.NS,2024-05-26 07:00:00,MM Forgings to issue bonus shares for first time in six years; check details here - livemint.com,livemint.com,https://news.google.com/rss/articles/CBMi5AFBVV95cUxQSDg1RDMxdFF2ZGtMbjlRX2h0OURaTVE4Q3dmOGFvWE5UQUhJMHJRVFdqaGQ0TGFpQXV5VnI0VS13LUhTd0cxWGVnd1JTNG82MXV2dC1NX0JBeE0xYkFvSmV1OEVmVHFRT1FLNlZ5bWk4N0dIdEQ4VUVXeERqMlpwNk45elUyQnE5U3MwMm9KeENrY3RzclpKVW5jSHdUZXdwOEE4c2ozYlhTTDZoUTNvM1pTd3NXNE9leUhEbGZYNnRidzhubTh5bjVmSHQ0clRmOWQ4c1RmZm9VTkU1cndseGdpNGXSAeoBQVVfeXFMUF9ZYjluM0ZPZXJmaFY0VDlWam92WUhBZXNaeUtNU1RmblpVWkJtazE2d1dCdGNMYVc0Xy11T0hKVUo5TlZ5THRTckgweUxHdWxfY0JfLVpYeEl6amo4cnZnSjd1dXV0c2ZYaW5rSjhmWWlTcFM4bXgyS29wQXNKR0lpU1lxS0ZyUENSTU43OVRvbFp5aTZCV2RaYVBOck1oUGQ4QkhEZWtmRDVoLWlyTlZfNkZKVm1XUlZrLU9Gc2JYVmlJOTFYNENHYmRkdWRmVVJCN29YUTVPeWJZemxQbjdkX3NaWVBtX0VR?oc=5
HAPPYFORGE.NS,2024-05-18 07:00:00,NCLT okays Metalysts Forgings' acquisition by Deccan value-led group - The Economic Times,The Economic Times,https://news.google.com/rss/articles/CBMi5gFBVV95cUxPSllLZFNkNlduUWdUNk16QTlnVlpsNWpxSUxjemRSVFdzb2dCbE5zUWtZVTFTU2h3ZkdBM08zV0YwMTVUeE53VFduVnNuSjJUQUlMOEV6NWZQTWZBdm5oNHo0MS10WHVQYU5IUlF3WjlnUEdOSGVhckxwZFNGblZnZGN4Z2RMTndlaGhQNzc4ejJVVFlJYXpUaG9GTWtJZG9IcXFjQmlMTXBZaGJORVNLWlY4RVYzaWthQ1M3RWtSeTNGbDZUU3o4MF9tME5JaUpPOFJ4ZFdHTlRiZEVFWW5GekE2SHFfUdIB6wFBVV95cUxOWHlxdnBLaVhwXzRtdTBVdlN3NmY3MFcwMUtXRUNSeGFadWJYR1l5c2pZc2xhdFd3ZzZqRkx0cklYUEdFdFMxNC1oeEZjSnFYRzV6RjIzWktCQ3FhR1NEVkpTTnN3dWhrR1NLcGRwME5qVXVVeEh1SEY0bmxuSmFYb0dOYXBfVUI5bVQ1Q3VIMFlXb2d2dEh6WTBVX3EyclVjMi1LSVJRR3ltc25lNlZCc21BSjkxbTdTQ2Q5U2VBdk1BTXlzTGFFbjdEMW1IbWV3ZkJXemk4d1NSeEhDSXVFaHpFRGVWNDlLYU04?oc=5
HAPPYFORGE.NS,2024-05-24 07:00:00,TVS Motor launches TVS HLX 125 with 5-Gears in Tanzania - Business Standard,Business Standard,https://news.google.com/rss/articles/CBMi0wFBVV95cUxNeE1GUkVqOFMxNGUzOWE4eUR3czJkUjF2bG4zSUxESjk4Tlgxd2lJSFE2dlRydlk1UTdPamY2a2VSZ2FzM0ROcE5ON0l1N1ZPVWN5bXNEVTF5cGhoR2g1cXh5Qzh5X3FZVWRxcWVCVklwVXNOVHpJbnZfZEJLX0ZkRVdsdTJjaUFXQUQ0QUdDQl9tTmY4cEd4ZzZXRnNqdVYtNmdGaTBhUlcwZm9Ua1dVejNPRDJZcHVsZHdDNk1RRjZVeVJYRmNPSmxsYmdoN3JSTzFv0gHYAUFVX3lxTE1sUDRKTlpxY1ROY1BDdHE4eno1NkxWOFFsb1hLVHJRRkNoblBrV2FYYjdOR2FIQlJxc1hBa3NMZGQ5VThlTk1GWERLdTNNdXB2eTlPVmdqUy1KMEx6elB2ZEUtNXZBSDFhbEUxOU5WUXNBa2t1NW1OT1VQM0ZlVUZKRnBhQWZNUU1IYUluSURqTXY4bU91UWRZWkNDaTFfcFVSTjBjOV84UWwwYUNfNUVPNlBVNS16VWpGc0NLeUR6V2U4aTNueHNka1VycWRNRkIzdmUwZS10Rg?oc=5
HAPPYFORGE.NS,2024-05-27 07:00:00,"Share Market Highlights on 27 May 2024: Sensex, Nifty trade higher amid mixed global trends; analysts expect momentum to continue - BusinessLine",BusinessLine,https://news.google.com/rss/articles/CBMiogFBVV95cUxNeXl4ZjQ2eDVBei0zSGRIZWhxRG5pTHZXVHpxYjllekI0S2UxSUFkMTVVTFVwUW5laF9xWG5qekNiYXdJRkxaNllhZi1ZX25FbHpfMHdyU1lvWjhJeTgxMG9NOGRsajUtbWpOYVpYalFmYzhFVDQ3SURnTU53VFJRMnV5MS0yZU1RTk1MRXJ4SUJHcFpmdWZKN3FZOExjU2JzUFHSAagBQVVfeXFMTXBjc01BRE9hajNKb2ttYmpJWkI5RTI3b3RKSXFwU011UHBxc3JobHl5Z1pocnlKSTFDckdRSmFERUFla0JldW5raHMxZGJ1ZXlMYUVSUW9wa2QxdzZmU24tRXpYZW1tNjVIbDY4VjRvbVlLa0VZUlB5Sjd0VFEtY0FLVWZBNjJ4RjRMX0RRbGhEbnc5QlUyaDQ0SHU1NndyaXJLVU9WWldO?oc=5
HAPPYFORGE.NS,2024-07-01 07:00:00,Happy Forgings expects export contribution to improve to 30% of sales in two years - CNBC TV18,CNBC TV18,https://news.google.com/rss/articles/CBMi0AFBVV95cUxNZ0RyaEdsR19iQmtqMXFaMUFLd1p5NDdoZTJGSXh4ckhsVjNjaTRiZmFuVUpTTmZ5VXhMcEVEdDBnMFF1dndwZTZ6RmMtcjRDVEZIbzVVVHgwYTg0NTJhYUdWVnB4LWtmY1JLZXlaMFdLX1daSXotQnZLYTJLTXBkQ2djaUxEX1pHY0g0UTExWktzMzRCWk5BSVBkM3VCU2dQdHlfWUhMRmdWSGtoZ3lCSGppN2l1RmprYmJPUWF3S1hsTGxRV045MXA4dkl5Qldo0gHWAUFVX3lxTE9MQmlJMmxIRmxYeXBuSXpwMGFTRFZRQVBhMW5pTkRKMDU5bG14aTB2Ql9rUV9ZeEtYZGp1cTN0eVQwbmt3MjNzM2pIWXdGdy1KY2lkV05zZVRwbXFSQ3BhYkRzSjA2ZEdzb0E2cjNTZmxibkxUeFo0VjdoTm5MVk5RVUQ4ZmV2V1Y0b1JQN3o5eGs5anNzUC1CMVZBTkFaWEZRSzhKMENtY2hjbUVzeF9FMXlpUGdwUzhJX0tvVWJSU2dNMGtLNUxYR2R1X2hiTDJPcDNEUlE?oc=5
HAPPYFORGE.NS,2024-07-15 07:00:00,MM Forgings 1:1 bonus issue: Last day to buy shares to qualify before record date - The Economic Times,The Economic Times,https://news.google.com/rss/articles/CBMi6AFBVV95cUxPUjVpWFpNX0dnbmU5dHlsWllNc1N5RUVQam0wWVRZdHEyRWxkY1AxWTBJOTBTUU05RVFHcUhOaFI2cEdobGh2YUE0NklMdGE0d2FNU3R6ZGxVaEEzclBpT2lBVTJSMUdqcVBLVjBJYUkxbU5UN1NDWEpNeGZEU2VnZmFnMG91c3ZKXzc4UUJIY1JXOGF3RDRkbTJQT3pERWRfUWppVGpMdGcwdTFmeXlBQ2Q3NUdYY1I5eWlKZUhCQlpjbGdkd3pJSTNySUVkUEtFSkdIQV9zQkFSNXdkN3BhUzZjbmJJTlpV0gHuAUFVX3lxTE1WTGpHakJtU29HMS0xMWJNenp1T0VoNF9QQlpkQWFoMkZ1UjNFMGdkWGxQOXpLTGdkel9EdW5YNWs3MThLQUFIMzltSXcxZVRhZFBvNkt6Y0FKa3NiMzRBa3NuSm4yVXBNbWZ2RWlNOFBKVFM0S2VDMlZGRWFwbDBnNExzV3YwOUFoVVphS1lORFkxUFVSdnNwUkNRTVJRNE9RdVJPRDlicVNaVVJ5RGttb2hhOUpYVDY4TUdTQ18tOWpwX0FZTlJpUTlRcG12dk9NZmtUQ25zV25VRmx6RGdCRDNWQWNhUzMtWXRMakE?oc=5
HAPPYFORGE.NS,2024-08-07 07:00:00,"Closing Bell: Nifty at 24,300, Sensex gains 875 pts; all eyes on RBI policy - Moneycontrol",Moneycontrol,https://news.google.com/rss/articles/CBMi7AFBVV95cUxOMFdFZklqdmdLX1BFZ3hqemRKVlBWTF9vbWNTSWowNElYczY0eFAwQnhEcVBXdGpJOVhzWkRJSUVIcl9yeDlXWXdpc2d1MjljcjN6S28xSEp6M0tiUlZzZVRzMU1GRm9teldSTTBSOHJKQWJudFQ3alV2U2tsVFU1Nk81N2RVYjdjRDNSTmM2cm50TGpPQUIyNW5XQVY1NGVFY0JlMU1hWHgyc1ZjQmNXZ3R6YURDS3RuZDFqc1RoZXpQME81OVZUYVNKb1l1ZTM5YnlMek9FWlhySFVSWGpINEZKY2FpdFRNTmFRStIB8gFBVV95cUxOcUpwMDd0X05vOGl4ZnowWHNLR2tIODB5akxmLVJvc19oLVBrTnRyakFObjFORndyMEVUWXVLTURhU0FzdlVaZXNXSTZYV0dWWk83eE1PU1lwQ18yMUM3WDJQNzBNM0lTaEZ5UDV5bWp1cnhoY0I0LWsxZzg3bE9qVDNJa3dhb3F5S19CQ2FtZjA3S3RZRVFHX2Q2dFc0SDRHMzFHRHBXZ2JoTVAzbzlYckFKeWV4dHdCMHB2Y3ZyaEtvZmVjZzJOclNOYmVMR2EwNno0dEZ3R0VTeXRPZG1tUVJTazVpeWNZWWh1SzZDU0g0UQ?oc=5
HAPPYFORGE.NS,2024-09-02 07:00:00,Ramkrishna Forgings to set up aluminium forging facility in Jamshedpur - The Economic Times,The Economic Times,https://news.google.com/rss/articles/CBMi8gFBVV95cUxNY2R3dU9KTVo2b2pYSDFqdGF5a2pIdUZjYjNqV0xxaXJnNS1yWV9FcmMwUm9CQXE2aG1HemNWbmkzU0hEaWxNTmlwbGN2SWV3dDlQUHVWSW5BT0NwQXVjWG9Td0FOcXplUmtQQjJHUlpHNm0yTm5wcHBzcUNneGRhTVhmZ3hsaE5rVko4bkFUdkk4QVFoZm45OHZPdWFCYWFyZEVIdU1VLS04ZGFFWkk1SlpWUjRSc2F1b3MtM3o1NnNZZGQ2eUdLNGFENnVkQTJudGIwcWh0aU1MUDZDWkZXMDN0cmNuLTdlc3lKUlV0VnE1d9IB9wFBVV95cUxOZTlETWRPMGFUYnFDVmw3dmxqNGNFbXVuQzYwbTdLQ0w4dDBqejA0eHRBZ2dtMjJUQlY2dUxwb3dmYXctdURYdVhrQmJRVTBkbl9MRnpMak9NWXczYWlqMTdNOWtiMzNKejFBdDZBR2ZneWY4VVp2ZW45eGJuZnN2b0tOVEJWTVhyYXhrVTlWY1NneGEtRE5KaGtnYVRDenNWOHJOSXhPYThtR0pZWjh0cXIwWVZXS3kyaVlOWmpDa3FRTEJkZ1BHdTd1VUc0WTBVUGIxMjhXZl80QUUwY2NOTTNzXy0xc25SMEFfNjlnLTROUTVFWUs0?oc=5
HAPPYFORGE.NS,2024-08-24 07:00:00,"Carraro India IPO: Italy's Carraro Group-owned firm files draft papers for Rs 1,812 crore IPO with SEBI - Business Today",Business Today,https://news.google.com/rss/articles/CBMi8wFBVV95cUxQaHBkVFlnVXhKYi1KNUlpckhEZG1wRE5VTXJVcDZxc3dPZHlzRjJtQVZkbF9nS3lQZ1V3TEtESHlvemRtVkZXMHhQYk9QM1N2Q0V5TW43Zmk1cV9pMWZjSzlXT1puZVU2TElwVkZwamd3WXpCTTdTRFU5ZDk0NnZpdmlVSGYwcHFtY1lMY3R3MjRLTFdTdi1wZERpbVZnVFhzdkFUekwtWDhMRmJzRnVQcWlNUmE1LThwVGxMTmcxYjJYeFZRLW5rU0JOTklnLUNQN3pQOW5kemJSaDR2ZWJwc2FvMHA5OFgxdXJzcVM1eWxUaFnSAfgBQVVfeXFMTTVaazZxVXdXRnRDcHV6QWpMc1JRYmRCZF9GRkQ0TlFvZF8yQVlQdzBtLVYwck5Ib05fVmxTTEc3OTlFckp1NjBfVEVQMEpiVFg0d194alZPalJWN2gyZGw0elFxc0lZQTZXYlVvOUdIM081RW90UEJJZDE1eHg2SDdFa25zQjVVYmdhdTVYRTZHMWJfS21XdkNKdHR4bmUzTVJKRGNoMjkwNmJUYWJQTGlocFdPM1QyMm5kRk9lWTFMT09LUkxhTTB4dEVKVnJjTkxMOGFieERXLTJGZVFtOWI5c1JvSmJyRUh1N01UQVlhMlpaLUhtM3g?oc=5
HAPPYFORGE.NS,2024-09-20 07:00:00,Punjab Emerges as the Preferred Destination for Investors | India News - Hindustan Times,Hindustan Times,https://news.google.com/rss/articles/CBMivAFBVV95cUxORTQxYjJES3puM21CVzVrMnF4dkxJNG56bGFEaW9YbnJod0ZldEpGSFNCUmNvYU5UdXpxQlBVaTZub1hqcFc0NXlycERQcFdWRHYwU2w1RVBiNzNMYlBoRUpWdHBDeDNMYTdwTWVuRS1mNS0xSnRkTklMd0poQTlzdUpCZVQzdzJzYzM5ajNIU0I4MW5qWTBSMTgyRjROdUI4M2dMRi1DQ2h1VjV0R3NhOHhtMmRBUlpVUElObdIBwgFBVV95cUxOU0NPSVRZQ2owTlR4c3RyWkdqZERPVlhsUGZtWW5SbC00aU1UcGVIMF9ZYUMzMzJSb3NINTl6R1N3aEJBeW9Sbk8yU2xyZXhwdEFub2JGcHBlMm94eWQtZlNmcXkyVXduWmtNa1hUcF9XcXVSN3hBT0V5NGpUVGtWTHF4Rld3djlnTFh2eHA3bUZpQ3JnLTk2T0dSLWFkejB3b1pRbkQzdDM3dkZURDVQNWQ4TnY1VTc5NDdXUVFwTTlrZw?oc=5
HAPPYFORGE.NS,2024-11-06 08:00:00,"Q2 results today: Mahindra & Mahindra, NHPC, RVNL, others to announce earnings on November 7; check list - Upstox",Upstox,https://news.google.com/rss/articles/CBMi7AFBVV95cUxQYVFrYWd0TUo0N285NHlUR3NvRktZc3ptY241ZUR0cTU0bVdDYVZZeWJRSE1NV1hheF9HdEJoWTVWX2tYbFlKRGgzYjRoaDhSNnJGbmdOcEo3YTlLaFVacFJJYk1TUElVSFZjaTA5dUp2MnREdlZocmtOeDhsaXU5NWs4TjFHRVNZbGNJbl9zR1NVS1pFOTVLclFBZGZncnZSYlV6RVdfbjR6V0JFQVFmX1Qwd2NyOUkzTHAwTUQzUVBYbHBzcE9SUEFlLVlUQmNYZWo3czhYcWZpZmlfNExmckRGUXVyaldGX0lyWQ?oc=5
HAPPYFORGE.NS,2024-10-15 07:00:00,"UBS initiates coverage on Ramkrishna Forgings with 'Buy' rating, sees 46% upside - The Economic Times",The Economic Times,https://news.google.com/rss/articles/CBMi5AFBVV95cUxOU3Vmd3Fmb08xRXlQRUU2bzFxWkRPbmgzTkJJc01ZakRzd1VobndxeEJpOEVabERTWHg5VGRPMjZuRDU5SU9JYi05RDR0YWdjcG1hYXVDTFdwYVFRWHdhVHBneTJuaUxoRDNfS1plWXhwWmtHbTFJYWVRODlmUXlfaGQ0QkZHMlR1ZExkMW05RC1aSGpqQjlJYmdFWGZ5VEZGZGpTODd1akthdXZfN1hzeHNPcHl6SWxRTTFrVi1td0ppTHNWb2x2d2p2RG9laHRSZjdLQmZWbzZEVURwaTcxMXJyY07SAeoBQVVfeXFMUEpjNHJpWGFvV0VkMWYtSGpENE5aS2NCU0FsVENXeWxCdnZ3NDUwUF9CTWc0ckIyNFJuMFV6VFI1LUJDdW56QzU4X2FxNEhlUlFqRHkyU2RyMjFPeG5BM1J5WHFKS0xsUVFoMXFtMnVSeFVtbW9uNGJNb1N3R3hERUxGd2FzRUlDTkZ2TWNPTmpKZlJrbThiemZZTVEzdmhaRmxUSVNselJMUGw3TmFuUkVuVFhsR1FRR1lxNjVxTW9WMWh1V1JZdUJKLXZqdEVRX2pWcXVPcGxaVC1keEUtU1U0WnhCMTFtVlFn?oc=5
HAPPYFORGE.NS,2024-11-08 08:00:00,Astral records strong Q2 numbers - Business Standard,Business Standard,https://news.google.com/rss/articles/CBMitAFBVV95cUxPb1NzT1pOTFdNR3dIYjZUeE16dko3NXdTWDVaaDg3M0lKaEVmaFZzcjJ2UlpyWTNjM2lyRXRBRFJ3YXN6b0Z0MVNLWHNDZzkxeW02T0JMVDAxSnVfay1LZW0xMVRSX2NJcGNmQTViWFlDa1dUQjFUa0V2dDhQSUNrekpIYWhfOUNoQmctcGdYWU5VMDFmMHZWaEhLZmlfaTNDa0pFVG8tOXhNSXZZMFRqREdmX0HSAboBQVVfeXFMUDZvaTNUV0RCYk40WXZadU1pMXppQWtiUlh2ckRpMHlQcXZKM1M3elpGX1BIblB5X1YwSmI4eWEyVC11LVZBX0VmNU1qVHU5ajRLNjZGdmhlMXRZZDZkZ0tkNE9yRFdxd3lUbnV3N0VlazR3TVhsUFlGV1YtdVdWZGFTdGloZy1qeXVXTUVlbVB1WjFfY1RoWGhCeFY1bE9zODZYNzA1SnRDRzFMMWpXUWpLc3dLWkZRVlRB?oc=5
HAPPYFORGE.NS,2024-11-07 08:00:00,"Q2 Result 2024: M&M, Trent, Lupin, Escorts Kubota, Bajaj Electricals, Emami, others releasing Q2 results today - financialexpress.com",financialexpress.com,https://news.google.com/rss/articles/CBMihgJBVV95cUxQM2U0TjBBNjFCX3JxakRfN1g3b092VzdVZEVqT21HY2tDQS1rd1BHdnRQVWFDRXNmVW9qOFBOaXFVbjRFZkh6RW1KY1pkMWRQUnEyUHpDMTl6Rkx5ak9Ib1dkZzVmam9RQ1VPQktpRkVfdGl5MlpfTW5abmxUc1FNWm5IRS1ZUDFwdzZ0WXZTcFVUS0RHZ3J6cjVESXJqS19FNFVWLW53U25jS19qZkJOZWVRT1pOR3pqWEZ6a091M1VteFZyY3Q1T1VLcTRwQUw5bnVpN3lYOE42U2lmWTltNmk2MVVtcDgxU0EtY3QtYlRzODBTWERKeWpnVUNETjluV0ktU3RR?oc=5
HAPPYFORGE.NS,2024-11-07 08:00:00,"Q2 results today: M&M, Lupin, NHPC, and RVNL among 166 to post earnings - Business Standard",Business Standard,https://news.google.com/rss/articles/CBMi1gFBVV95cUxQVTlrOUlQSzJpaGFVS21iU3BsV2pUUWFHaWVqZmZRYTVia05zdHZjSTA5MFJrTGZWY2lJb0FwZEhOV29UcXJWaktqdVBNdmRBekpCaUw0bU1Ddklra2VYcWdiWmRKaVlGNW10Ym9QRmwxeDJQOGNQRWg0TzBjREVtQnVMMUVrMVJVd29vS24wcEdnN1VIQXBHNFQyb2pDbDVBYlVnd0VXeW5iNWZzUW9weHVGbWpKd3h0YWJSZWUzanVJZ1RtNE00RG5IcG82OFpwLWF1SGdB0gHbAUFVX3lxTFBNa01yZnRvc3JSTzhvYTlVaXhWYmVHUnFSdU9aUVNOYlhMZkppRk9tMURrWURmQ3RTbk1HUG0tNGpocFh2MjFfQUdybkdtTm5ZVi15dkl3cXU5ZkdkekhlNkt4MVFZVm1Bd21xUGtQdFFFV2xodHE0d1lFQk0zeXlWb1dvQzlvQXJzQ2ZqQTF1MVpsaTRwR1dJbjlYNHYxMmNtUC11S3NTWU1mR2JSWnA5NTRPcVMybDZLeWM1SlBERFcyMlZQTUNkcTVUVzFjOTVnTDJfV1h1VU1Gdw?oc=5
HAPPYFORGE.NS,2024-11-14 08:00:00,"Share Market Highlights 14 November 2024: Sensex and Nifty lose momentum, trading lower; market uncertainty persists - BusinessLine",BusinessLine,https://news.google.com/rss/articles/CBMivAFBVV95cUxQd25jWEM5dGV3eTNMQ3lpeTlhN09kMUl5eEVESWVWT1gxLW9PSnh5X3VvQXRXNXpiOGNIZmhtMm9iZUh3eEw4LUtHaVVNUzVEQ21YRUhFdmE0RUQzUE9lOGM0ZjNrUlFlbnFzQ25LM0o0SEdlSzMzeEFYUWNfUUFyLW05aHZ2TE9qMjlxTk41WC1hSzVjemYyZVlwUk1UajE4a3V1bDk0QzFCd202RUxuX1p1Yy1PQ2YzQTdPd9IBwwFBVV95cUxPcGdqRkp0WkJaMGM1MWc2X09xekNIaW85Z0s1WnF0b3dvLWxCbWpydzBNeVc2Y0JUSTV4ako4QlZrSzAzM3BMMEpvTlVtbVJxVTBqS2YybzlSamE2TkVUX25qUWVHaHlsbldWTEFLRjVtamZ0SUFBNnV1dUdKaDZSTllieHctaU1mMFlpSlk0NlRUZk9McHFocVlzRmZDbl8ta3FqQXBhamVRa2o1SHB3ZUg0dS1JZ1hvamlYNm9WLTBWZmc?oc=5
HAPPYFORGE.NS,2024-11-08 08:00:00,Astral records strong Q2 numbers - Business Standard,Business Standard,https://news.google.com/rss/articles/CBMitAFBVV95cUxPb1NzT1pOTFdNR3dIYjZUeE16dko3NXdTWDVaaDg3M0lKaEVmaFZzcjJ2UlpyWTNjM2lyRXRBRFJ3YXN6b0Z0MVNLWHNDZzkxeW02T0JMVDAxSnVfay1LZW0xMVRSX2NJcGNmQTViWFlDa1dUQjFUa0V2dDhQSUNrekpIYWhfOUNoQmctcGdYWU5VMDFmMHZWaEhLZmlfaTNDa0pFVG8tOXhNSXZZMFRqREdmX0HSAboBQVVfeXFMUDZvaTNUV0RCYk40WXZadU1pMXppQWtiUlh2ckRpMHlQcXZKM1M3elpGX1BIblB5X1YwSmI4eWEyVC11LVZBX0VmNU1qVHU5ajRLNjZGdmhlMXRZZDZkZ0tkNE9yRFdxd3lUbnV3N0VlazR3TVhsUFlGV1YtdVdWZGFTdGloZy1qeXVXTUVlbVB1WjFfY1RoWGhCeFY1bE9zODZYNzA1SnRDRzFMMWpXUWpLc3dLWkZRVlRB?oc=5
HAPPYFORGE.NS,2024-11-22 08:00:00,Zepto raises $350 million funding in largest domestic fundraise - financialexpress.com,financialexpress.com,https://news.google.com/rss/articles/CBMiuAFBVV95cUxNby15d0RqRDh4Y1k1TW1ybFAzWXhUQ0lXdUtlM2txblAzZlBOaXZIZlJxUzRUa2U0aWpnTHkzMGEwbEFPRzJkU2hsZTRqOERjUW9Qa2VRcWFGSmlQdnl5OE9jWnFGVDZkUnV6Tnp3Uk5jV1ZpRFJ3eUVfRHhnRHpzVTA5R1ZUOHRHb1hodDdUdktnd3lmMVMxSnNOUlEzRHFCRlZUcGozUUtLcGh0aWRycUgxYi1HaUxJ0gG_AUFVX3lxTE1LQkNjWXQ1NVdNZTVJajNuWUx2ZmpHdXU2aG5IbkJTaE14SFF1OVc0RWlNZ3QwaXNndkdCRi1FNEFLYzdSbXk4Xzl4UEg2b2p1a0FQUy12aEVTN0NuVnhjZFhiUUs1bkl5T01rUnRXQXVPbFA0X2gyTThQNlNTNFFaQjEzYk9lNFZZQ09aOFBGWlRsb0xBb1JzRkhtRm1SUm5hUnVWR1RqeVVtLXNIYmtUSEpoTlFlMDRzcmxRNk5v?oc=5
HAPPYFORGE.NS,2024-11-22 08:00:00,Zepto raises $350 million at flat $5 billion valuation ahead of IPO - Business Standard,Business Standard,https://news.google.com/rss/articles/CBMiywFBVV95cUxNdlhKeUVMRXRUSDFwVWdSMWgxNnhTQmdzS0x5OU5GYUVFQXJUNnZrcHRKNlhnMGlBTGVFeTFRMDZrS1R6NXNvbk5aZHkyRWs0TXVPRHZIUXhVVUlaNlU0MGIwN3F4NVRhUWlzM3F1enoxN0dhdG5RTFRlOTBtM3QzRkRsR2QxbkdCb2pvc3NSdzZpNFdKRUdmT3VNNGV0Z2dObnI2WEFJTE9Ga3ZQaWVyeHROa3Zyd1EwLWZpS3FYbFRuWTFtNGtvdU5rTdIB0AFBVV95cUxNZVY1V1BmTEU3MGFwOXJ5SWJWM1JubGtkRl80ekxzUDJMVXZYWEZaT2NoSHRIdUNTaDlKdGVTanpDME0zTUZtekE0bmtwOXlhaEJnU3RqN3R3RVNvZ2ZDeVhBa25pbVczWjUxZjF6eVZJX21IZEJXVmNsNzVMZkdGWEt4ZGZtaDVYZXpuUFNGQUowOWRITi1ZTGxsU1V0RUs2aG12YjNfZEpKVVV5LWNSYm13U3M1dk1tVDA2RGFKbnpZQUpyM0ZFRmtXQ0YtY18w?oc=5
HAPPYFORGE.NS,2025-01-06 08:00:00,Happy Forgings to invest ₹650 crore in heavy component manufacturing - BusinessLine,BusinessLine,https://news.google.com/rss/articles/CBMi3wFBVV95cUxNLUh2aV9KTDZuWEZVSUpjV0pMUjJYN3h6NVlhS2t1UGxaOXpsQjlQT1ZHaGY2X0ZIMEYyZm5lY0FBeFY2amthdnlRSy1HOFh3VVllZHk2SEhkcEdlUHJqbm1qckxSWDRneWNoUzBWSkMwSzMxN0ZQUVhIUll4U1FsbTdNOEFNZ1htT3paN2lTSjlha1o3NEtTcHRZZGxEQlNoRkZrRUFoWlN6RF9kV1dmVG95TjZpbnh3QV9ITGNSOVp0X1FBSXFPWkJKWGpnY3NWcWlBcU9HZTVqaGZ6VnhZ0gHmAUFVX3lxTE1pdEczbTNQcjl6RWtkM1RzQ2xNTnhiT3h4R00yRWRXMUFqM3FJWGlySTRqRm4yT2NKY05Rbm5yMjFfWGkyTk9VSWQ2ZnQzWHlYcTBuSk41U2VwNG16YlBGeUxsS3VQeDBicWNHSWtOOXZrTjNKZ1RoWjZmU195M0FhSEllNWtCc1F2UEVwdEwtUFdNdUpjaEthRmlMT2FVcXdjU3Bocm9vSkwzZGR3SkxoUTF2UUtLN1E2cE5jRVpCSzVCY19ERFktdkJIT0NoTC1jVGhycGFGeDNsb19XX0RqZDAzeHpn?oc=5
HAPPYFORGE.NS,2025-01-07 08:00:00,"Happy Forgings plans ₹1,000 crore capex over the next three years - CNBC TV18",CNBC TV18,https://news.google.com/rss/articles/CBMiyAFBVV95cUxQSmZHM19SaE9ITDNrOExMWS1xTFNmUE90Zll4T3gxSThoeEdCLVlxWDd6Ujg1TXlTeTdJS2xmV3lXUXRuWmJaS3NqcHlHTVBkM0RSVXB3NDNFSzhmeEdWLXJQU3E0MmlCVkZkOUhjUnBDOW1tMjNNcEc0d2tLZmtqNnRZTFZmV1RMUTRPQWEzOElEMjE4MzFuaWFZUTNVMm5EamFVa1ROYXJnUGlCajRaV3Z4RHNZa3NRRmp1TEhCMnNQV0VQU2dGUtIBzgFBVV95cUxObW9aT1hpNktmYy1DTVhYYzUyZjVpSHJ2UlhjY0NHWldQMUFzR1dfSF9QOWNCa1B5VllyVU9aS2lEZUtONUVaNWx3elAxd2lVTk5sMlhObFQ3ME9PNVlXNGNKNlFEcV9ITmEyZlM1SU5Sc1hOOFhmanROSXBTaUhrU0Z1cVpPUDgzUW14UkhwMm5aZTN0Ty1CMTJfWDN1MVp1dDIwUlB5Y1V2MDl1U1dJS0lUZU9IcHRjQkxIZTU1LXduUHVqMUVsdjhyeHUzdw?oc=5
HAPPYFORGE.NS,2025-01-06 08:00:00,Happy Forgings announces Rs. 650 Cr investment for heavyweight forging expansion - Autocar Professional,Autocar Professional,https://news.google.com/rss/articles/CBMiuAFBVV95cUxNaXBxLUZnRGhvbm5tNU1kQ053akNZVWtDLVZYY2pBbFJvcEJnN2QwUTJITTdGZGVnbk1QeHR6bW9UNHdkRF9EUG1RRHQtbjdCRHNuSXFCeERCT3A4dGFobEVfWFZYMU9aQW5sSTBaYXpwcnJMLTk4aE5ybWFySGNaNVRqcVhLQkVQNXFNQTV2UVFDVWcwVU5wMmpBaVlvcWdjQ2dRZElSNkNmN0FBbzA3SDdtRHR0WTJo0gHAAUFVX3lxTFBFbWxjVkVuam5ScDJteDZIcUd4MkhteEU2WVNXbkRwQV9wZmdPSjNKUWxHS0hSaDVmaHhfbWtFS3ptVXJLczFZYk1tY2dGMjZwclBkbzg0ZkhhTlI0U3F4VlRmcGJPZHJ4SUtmcGFEQVRvZU1vdEJSRl9qNDlqT1puWkVuMEVxWHQyMUQ2RWZiVXh5SEhCRjNzY0lHX0J0eXdCa3BIOFdsYkF6MC1mdGx1ZzFhdzJnM1V3MW9jWHRZdw?oc=5
HAPPYFORGE.NS,2025-01-07 08:00:00,Happy Forgings to Invest Rs 650 Crore in New Production Facility - Machine Maker,Machine Maker,https://news.google.com/rss/articles/CBMinwFBVV95cUxPWk96RUt6WmhmZGxnellCZHpqalhYVjZHTWdkcW16dk42Yl9RNC1mQkI5MnN3UUxZUWRYRzc3QTFkeUZTOFBqTlFMQV9wZ0tkNWIwM09TWjh5QlhkX3pabVRNLXlZZld5dDFCNURuVFZKcncxeFQ5RjZKSDVQbnFCa2FQMU0zRmNFTU9NalJtaWZWcHh3RGlvZkZUVVkybjA?oc=5
HAPPYFORGE.NS,2024-12-16 08:00:00,What HDFC Mutual Fund bought and sold in November - The Economic Times,The Economic Times,https://news.google.com/rss/articles/CBMixgFBVV95cUxOamZFaDBWWER4cUF4RTc3Q2xucmZiN2xhMjY5aUo3MlRHX1VDcXRCOTc2dXVjeW1RZk5fLU42aVJSUFhsWktpcUNHb0o4TUlrLU90UkNSRWc0c2k0bmlTRms4TkZ6eXU2cDIydHpvbGNqUHJlb21CczR1TWwxYThONXA4aDBRWndZbVdNOWx3RFFURVNKUHZGdmNSQWpkMUp0aXBha1BsT05lazZmSk5oOVEwR09weXNYVjlsdHg0aUwzazBuN3c?oc=5
HAPPYFORGE.NS,2025-01-06 08:00:00,Garware Technical Fibres allots 7.94 cr equity shares under bonus issue - Business Standard,Business Standard,https://news.google.com/rss/articles/CBMi6AFBVV95cUxOTEFrNWFJWXhJZDRDcnNTOWFUUEctUF9jV3ZVX0dOSWhlZ2JrazJsT1pnMnd0RHhqNnE5MDU0azFicy1hTGUydk9abVYwUWx3NGU4WTdCRkEzd2pEcURmRUN2ZU9sdUV3dEw3bXVhTkptN2MzTzBxQVlodEFjcTZsTTJpNEZTTk1hcFU1S0NlRmNqVGF4eWdIQ09rWlNPRnVUSURPS0htSzZncW81dEhIMjZjSVBfdlpoNVRoMjA0amFlMFZrZW5TNlh2QkhtZGN4ajRqWjZXeWJNMkctd3M4bnJPNENmbmFB0gHuAUFVX3lxTFBFcmdpcnpCaHI2U2ZnRGdJbVJEX2w4elVYbFdmZGROWXF4LWl0MGxNYXNMS0kwcWc2ZW5EWUYySlN2RVU3MTRwVjlsckNXbFFOS1VMUlhJaEZEdWczR1ByS3lvNWl3NkdIOVphcGM1aXhncVo4cFdiSVdrS21YTjVQUThFX2tQVlR5bld3RmQtS1RMbTlsTEczVDNsS1BzRGs1TG1kaFhQU2YySjIycGNpSHp3WTAzZzZ2cng1WXpkUXFjSlZwSHNqSDFIakNaQ2l3WHhZcXFVbGtXRWcwNlpCU3NHbmR6ay0talpRSkE?oc=5
HAPPYFORGE.NS,2024-12-30 08:00:00,Carraro India share price jumps after listing at 7.50% discount on NSE - livemint.com,livemint.com,https://news.google.com/rss/articles/CBMiwwFBVV95cUxQN1VoZmUzbDRiMXZJMEY0dzZ3MFNwMy1fVTN0RFIxNnNIako5WEhMcWROQWd5Ym9halR1clpsLTlfbFd6d2ZQLWpjQV92RlVxaWhSSmFZTDNwaXV3VTZfb0xHN3ZsWHR3OXluYnVPaGFQQTBwTUZjU1oyeEpTT0ozV0xkajYzM2pWTUZnSmM4cDBCZGhQQzJJZ2JMbUdkYjFmT1A3dlBkMG5tbWRPTG5LU09UVFNidnRqRHl0elNsR0RmejDSAcgBQVVfeXFMTnNPUHdpNWZwYVZ3UFg3ZUFDMlRiNmVSZndRM1gyWGFnOVAtWjMzcjB4d3dmTXVReF9GbXdveTlXYWt2TWJSSXJaMzdpQnV6ZFB1T2VrYWxfbUFpVHpPdV9hSnlGS2ZhQWdTblZoSzIzVHBIaS1sLUhEcnJUTU5UTXlKSzZkQ3RaLWFqdkxJYS0xTnRSQ0RRcElzOW9LRkNLajFicnR0LVh4MHdLYUZzdUMzOXQ2bTNaMURuSTNUWGdDaXFzaUI3X2w?oc=5
HAPPYFORGE.NS,2024-12-19 08:00:00,Carraro India IPO: Auto parts maker raises ₹375 crore from anchor investors ahead of subscription - livemint.com,livemint.com,https://news.google.com/rss/articles/CBMi6gFBVV95cUxOV005ZGUycG9pQXpVX0lrazF4N0ZTZ1kycWhQVnJmTG1VRXpHRzNkT3gyWHpXWEVBb242UjBXajNUdnFGOXduTWxKR25EclBwbHBfVXNUVF85RndSRjlJLUEtNFB0a240OVV5UWVqTE42SGRJaTZ6ZW4yeGJiendhQUo1RVJWcmktQ1ROaTRNX1BXTnJ3OTZiQnFjVlBuNDlpaHlPUmhmVzhKZDV0SXR2X2szZGU3QlVFOVNlR3JyTnhIRmIzSVJPSXVKWng4T2lKR0tMQnIyQ0k1UU85VHpCcGxReFRnaTl4UFHSAe8BQVVfeXFMTjQzVmF0aEloanplZFAzM1NTR2RrbDJsZDlqTUQzSUxFVTlPTmZwOE9jQWpLSW12a2U5aVJyTXpaOFBSOXF1M190bXd4TUphQ3ZaVGRSQWl2UU1QbVVLeTRBZDVqVE1GdTZxOU9hV3BOWmNGMFJnaXdkWXY1M2JVNy1idlJNV1BSb0QxMTJCZ2Vyd2NnRkJUa0lIUDlwbGo0d21lSFBueXlmVTdEb1hPRGJ6dHFvM1M5cUhwSzFyQTItc29XMVI3MGMwUFVtQ1p5dUJOLTdRazdBY2NNTG9KdmRQemF6eUVTdldHYl9mQm8?oc=5
HAPPYFORGE.NS,2025-01-06 08:00:00,Coal India signs MoU with IREL (India) - Business Standard,Business Standard,https://news.google.com/rss/articles/CBMiugFBVV95cUxOWnlpYWtsREVrbHB5eDlqck1iT3RSZDUwOUlpN2pnY3ZtTjd2ZXVMdVA2dFFuRnVJVi1xOWZiSTNJM3lXR3BYU2F4cC1aU00tZVJsTzdDZWJoOTNnZy1WYU5VYnZwVjMwQzJrTlIxNzdYZDlHVG5kaGlkWi1jbGVPeVRYZmRBa1pTb0NmZ3FiZGhKQVgxd2syV3dmZjhNQW5ZcmRxdTNmdkFnNk1oWXFYVWUzMld2QnFEcUHSAb8BQVVfeXFMTV9NVHM0QVlyOEVnUFgwMzI2SVlZT0pVRzdjQzI0OUNheVNXSXVsVG81bExlQzNOcWpTY3lCSzhTaG1DTUs0QVRtdlpiUnBtb01PMV81RlgyOHR4a1RHbEo5bHlFcUk2R3I4YnYxTHhVQi1WX2VuNjNNVXNNb0lzcEx2V0tKdEx0MXkyaFpmbklQRnlsYmxmaHZFZUxkUmRIeFhTS21OOW9iMHo3OUc5c2hTeEVrRkNlVjRUZFNwdVE?oc=5
HAPPYFORGE.NS,2025-01-06 08:00:00,Persistent Systems to acquire assets from Soho Dragon Solutions India - Business Standard,Business Standard,https://news.google.com/rss/articles/CBMi5gFBVV95cUxOLVRmV21mcy0xSjBoc0pLcnZxdU9xY09RQXo2X0xVcW5JVTlfTGJjWFBqSnRlMVNTakxrU1pOaW1rLVEwMVR3WXV0MVBJcFBTSDhnbjVkLUJYMUJfVGp5ZnBQUkVVaUVmelFwX0FRaDFrWUVaRUlJOWFjOTlUSHhnUDNfX1JwWXpfZ1RNclpadUlDdzhhQWxvb01LTzJXYU1zSFdSSzc0VHdwVVZkTXJtOWwtRzBWRzV6TnJVTEttQV9DTjRibTNMYk54cDdhVUtPZVo5YlFxTnV2cVBJMUsxRGVCUU5IUdIB6wFBVV95cUxPanBhNDUxZmlDNTFIQUY3dm9aNXc3VFU1SnpEZkdTTmJwSHRiejBmaHdHV3lSVUZScGE3TV9VaDhlcVA1TmNSLXAxdmJNUjJUVkM4aE5ycXhZcGcwT1I5eFRDdFBVTzE0M1ppc2JOajVCa1p2NjlZSXJLbTFZMGFtN0c0dUpHUVBxUXZ2b3dYUmZORWsydnREM2VLN0VNclRRaTFsN0JJMWExa2lmaVh6TG8tMXQ0RTFXekE4N2FaRURqZmVpNms2ekwyUUlOSEhaX0Q1bDdfdGVIMEduZVB4ekVUZy1aT1JxdDE0?oc=5
HAPPYFORGE.NS,2025-01-24 08:00:00,SBI Mutual Fund acquires 3.8% stake in Happy Forgings for Rs 341 cr - Business Standard,Business Standard,https://news.google.com/rss/articles/CBMi0AFBVV95cUxOZjdaelFrUUpCb0dwYlhVZUVjQnd6a1FIN2ZJYnZNUV93Ml9PblpRUFVqYVhINkd5cjJMc0RwcERkVE5rbUhvUVprV1h3Q2JZUS1hVHRveHd1eHJwckhqRDU3N2ZUekdzRjA3SmN1TjR6Y21mZFRkcC14bjMwRERLVnZVN2dTU3VBa1lXbnd1S0NRdmJQQ2R4UVBJTjAwaXdQdlBOdGFqa20zTE83c2l4WUZEazFMRlREVE82R3ZMOFpkUmtFYUVwMmdiUjcwOVJP0gHWAUFVX3lxTE9Ua1JSNWp6RG9zZklFNmg3NmwwVlNSb1Q3bWZmamVLUHRvempTSm5jN3U3LVZma0d6R1NRU0RyQU5Jdl9iZEZkeGxQYkdhamFXNzJ2SUJaM0lhd291R19fbUdqcEhkLXNGd2Q4OFRzYUFwRF9rMW9RUFk1Y3k1RUVIYlZMLUNid0NSaFhiXzdKZFZCREVWZkFCSWlmdEN3YWwwclZkOEJielBNVTVCT3VnR3ByV1B5aW4za1NQMG5QSERKd21CR1g5OHd1cXgxQ2trOHlFa1E?oc=5
HAPPYFORGE.NS,2025-01-07 08:00:00,"Happy Forgings plans ₹1,000 crore capex over the next three years - CNBC TV18",CNBC TV18,https://news.google.com/rss/articles/CBMiyAFBVV95cUxQSmZHM19SaE9ITDNrOExMWS1xTFNmUE90Zll4T3gxSThoeEdCLVlxWDd6Ujg1TXlTeTdJS2xmV3lXUXRuWmJaS3NqcHlHTVBkM0RSVXB3NDNFSzhmeEdWLXJQU3E0MmlCVkZkOUhjUnBDOW1tMjNNcEc0d2tLZmtqNnRZTFZmV1RMUTRPQWEzOElEMjE4MzFuaWFZUTNVMm5EamFVa1ROYXJnUGlCajRaV3Z4RHNZa3NRRmp1TEhCMnNQV0VQU2dGUtIBzgFBVV95cUxObW9aT1hpNktmYy1DTVhYYzUyZjVpSHJ2UlhjY0NHWldQMUFzR1dfSF9QOWNCa1B5VllyVU9aS2lEZUtONUVaNWx3elAxd2lVTk5sMlhObFQ3ME9PNVlXNGNKNlFEcV9ITmEyZlM1SU5Sc1hOOFhmanROSXBTaUhrU0Z1cVpPUDgzUW14UkhwMm5aZTN0Ty1CMTJfWDN1MVp1dDIwUlB5Y1V2MDl1U1dJS0lUZU9IcHRjQkxIZTU1LXduUHVqMUVsdjhyeHUzdw?oc=5
HAPPYFORGE.NS,2025-01-07 08:00:00,Happy Forgings to Invest Rs 650 Crore in New Production Facility - Machine Maker,Machine Maker,https://news.google.com/rss/articles/CBMinwFBVV95cUxPWk96RUt6WmhmZGxnellCZHpqalhYVjZHTWdkcW16dk42Yl9RNC1mQkI5MnN3UUxZUWRYRzc3QTFkeUZTOFBqTlFMQV9wZ0tkNWIwM09TWjh5QlhkX3pabVRNLXlZZld5dDFCNURuVFZKcncxeFQ5RjZKSDVQbnFCa2FQMU0zRmNFTU9NalJtaWZWcHh3RGlvZkZUVVkybjA?oc=5
HAPPYFORGE.NS,2025-02-06 08:00:00,"Stocks to watch : Zomato, ITC, NTPC Green Energy, Solar Industries, BSE, ITC, Britannia Industries in... - Moneycontrol",Moneycontrol,https://news.google.com/rss/articles/CBMi6gFBVV95cUxPby0yZW50NVFDUVAyM1o1SVBIQk1KVnBXT19zLV9Eek1BN3hlQm00cjN6X3VYWHMzSER0bUZIQWhHckpDVnpGNDF4bjBGZkVLUmVtOFNqdnpONTd0Vno3bUFucHJXTU5mYnQ4ejlpRVpXcEx1OU9HUnJydGx0a3lhUVVsa2VkOFZRNW15M3hlVGtELU1WbHZtODZTODh2TUc4YVBPQ29QZlpsTTZBOG9XMDdJQ3lEcmJCTURwd0FfNVVzaUJsVlBqVExZWFJvNURsTm9rc3hySmc3UHc2cXpwSklwQTI5bkJ6RVHSAe8BQVVfeXFMUEd4NDZ3ang4YzNRUnd4U3BoQUZPVXJ4SzYyZHhuQjRWdjJxN1pnUEpxTmFfa1BvZXlPTzgwanF0N1VUc3ZSODgxdGl6R3dnbXFjUXI5TXA5RFlXR2ZMcWk2Q05FOF92RGN0RFhLdGtfTWtJRDRTMXA4S2NOS1hkZElSM3BRVERBMXJ4ZXVrVTV0RVo5WFhmdU9ZNFE4WUV6dHNManF5VmpBMEpsd0x4MXh3V3pYdjhKSmdHWVNOSkRCN3hIQkNtS3BYUE9pUmc4Zm41M0hzZ2gxWDNQd2JDazBJeERTYnJ3REJFcUJYRDA?oc=5
HAPPYFORGE.NS,2025-02-06 08:00:00,"Buy Sona BLW Precision Forgings, target price Rs 725: JM Financial - The Economic Times",The Economic Times,https://news.google.com/rss/articles/CBMi1gFBVV95cUxQaEctTDd3aWI1S3pfR2hpamZaVlVNUHAxUnNjZG1wNmt4ZmxMTUdjeEFIR05DVFp4Zzk2ZktBcTIwcmVWN0ZPa251aGJxU1NacG80cFpWajY4Z2ZocnZjODJta2pMQkswYzNfTVJVVFhld3JuM19xdjRRRGNrbTJ1T21UX3hKc2RRXzFWMkdFUkw3UWxfRi1vT0FkbjB5Q3BJUlRZM2Y1SVRfZnRDUDFwcXdYalB1d0dsRk5rcWpnbHhPSVk2MEdGU1N4SmZsWmRxazZQb1Nn0gHbAUFVX3lxTE5BdlFYUGRBQlQ4NkZKSnZGNDR1c09IVUhpVU1PX1dUYVFMcWtHMXg1Q0I1VFlWeFdTWDk0bFZoSngzVl9kOTEyYjBMdmFuY3R1bjBsWDZUWTEwZ2lDMnQ4Tkk1YUhLN0U3RVZrdVluVld0MEVwV2oyRnRLNWhOU2JqZ094M0pZa0ZKV1EyVTAwUF9PMG5xY1BDS3hqMWxWZm5QeDMzVkdtVXpUUzZVMWIzRjZYRThWNXBOUWh2UEhZU3ZrWkxUalFVQXFnZnRCamF3NWhqV1lNTEZLcw?oc=5
HAPPYFORGE.NS,2025-01-27 08:00:00,"Sensex Today | Stock Market Closing Bell Jan 27: Sensex crashes 824 points; Nifty ends below 22,900; India VIX sits above 18 - ET Now",ET Now,https://news.google.com/rss/articles/CBMimgJBVV95cUxOcUZEek0xUmZsNGVGdHo5SjhXWDI0bFI0MlllVkhDeE1obE1oaUlSQTgtRE80dmc4cmtCTTBwLTh5V3FtWWkyM3ZWQWNiQnhfMzJJSlJuNXRuQkMwVHh2SXpSb3FQSVFTeko1Y3RFOG5lQjVOeFkxVE1QZ2M1cFloMmJIdmdDcnY3TDYxcDU3R1Zsd0otTVdZQnZ5ZTlqSkJCcjZpTmFwWEtFNjlkYTUxNkVlVE9uZEpjaV9weWlCV2xxeFpIY2QyWlA2VWNJRHdiY1dSTElHZHN0ODdBY1JZbl9kVWNnbGlhcWhVWDhxWGdpWVdjaU9rbDRPMWw3QzctejBGOGZjQU0zcjE1YlFWcjJaMnNvTVhlTWfSAZ8CQVVfeXFMTTFYSXRLUkZDcUszNVNYOGhqX3FmWlJYV2dXRWdzdmw3RVFpWjg2ZVJZemlUa1YxanJLMTZNaHBLZUdrT2dDNUg2aXZ2WFgzRGxnSHd3aEFPQThjUUVFQW1NRG5KZFZkTDlYZkpyc0kyU0w2OEFuVU9NWWRoUXVDMmhob2hjT0lCWXhYYlhmanRwSDV2T05vc3JjcFl1ZWNDYzg5S3J1OE1jRVNlU0NhV0ZjdllKYWIwbHRmQ24wbExfa2lrbThOODJ0c1A4cV9ZRk9lN2FjaEl1TW1jbjVaWktwRlZ4WG9sTnFnYTl6R0pBWmlmZENidFg3WmM0LUZOSTgxYUJZRFlYNm1Jc0RzUVkwaUZkRjlfaXI4X3Q3QTA?oc=5
HAPPYFORGE.NS,2025-01-24 08:00:00,"UBS Group buys shares of 29 firms including Reliance for Rs 1,938 cr - Business Standard",Business Standard,https://news.google.com/rss/articles/CBMi0wFBVV95cUxOQXBwMUtVLVRiR0NIdjFfYk5YN1gzOF9yWUFGR2NZQ21xX21BZ3VRRVlUZU1iOXg1aG4waUEyZzRPZmlTQXVsM3Bqb2VkcnpHeGZoOFdrckxhWjI0VnViZEU0TTQ4VkNCcGYwb2l4dkhOU3Ftcy1jNTgzOEdxTVhTUm1abTdWdjl5WUNCMmZhTUZVMGNpakwwS25TNndxTi1NVHRjUmg2T3FRdWJabUpTVnZiMG1PS0kyb1NwcDJXVHpqRGpUNGdvZGZnTzl4S3FYZUNV0gHYAUFVX3lxTE5XcmtBRi1pbF9nWWlKeS01ZGl1OFJzU2NYWGZMUWFWRUZjZ1llem9tWnpRSG90X2ZKaVpid2J2MGZjNVZwanU0MzQ0V1REUk1JclBzaXZRNTFYUS0xajREUWZxNlFTLWpQOXBfaUtaTWlZMnJKVHJqLXdqY2JYaXY1UEUzWURaR0Q1Z0N1alpVa0x4UEFTcVpSWENYQjRpSEZFZHR6YWFpa2hldUphUGNlSEdrR3h0Z0J2eUJwbW4tcG1yanJRTnVCcThSNmE2cjMybmlvYlVYRA?oc=5
HAPPYFORGE.NS,2025-01-24 08:00:00,US businessman makes counter offer for Religare at Rs 275 per share - Business Standard,Business Standard,https://news.google.com/rss/articles/CBMi0gFBVV95cUxPQkxQTlllY2E1enZSaDJRbkpnbUJLdDBTTmtQc1VMY0JCQnRVcG1sUHRCZzVwSkhsY1k5TVJDcXF5NDN3U2EtbVNhSFlKY2g2NWJTVnRlSVhXbFU4NnRCS1pLeE9QR3RUZHFaSGlSV01nRXA3d3BmUy1kWXZOZk9ZTjRBMGhyb1RCZjVkd2dDUm81SjFqdlhWT1lQbEQ2THpodHQ2aTJZWU1pTXJjNExrVTZwTU5TQ0NwZjJuR1hwei1YNzlvRWN1S25DamN4S3R0ZHfSAdcBQVVfeXFMUE1aN3RVUjBmZ3lHZllYNGYwaWd3aW9SOHc4QWgyaUpaNHl2UmJlakE4RWxKYWx5ZGpiOXQ3Uk52Wk5OUXh5V056QlhxdTI1d01yNVJaenB0RDlzMmY2eng5QjF3NUZlU25za0xiN18zWkZib3UtUTRnbGdydk1Mc1NOVlpQUndqNEo0NFlUaXk4Tk1DenNMd1NGaDB3RlB6Z1VHcXVWQ0VvSTltbmdQZUhjQ0VpNHNfbENuZWhaa2dFblVOakVjQXFhcm1CWVNDQkRHTEFDYW8?oc=5
HAPPYFORGE.NS,2025-01-25 08:00:00,Gabriel India acquires assets worth Rs 60 cr from Marelli Motherson - Business Standard,Business Standard,https://news.google.com/rss/articles/CBMi0gFBVV95cUxPNzhZbWVwSVNfZ1poS045SF9uZTlxeW5mV1FRdjhWbVpySHJSMlRUVnY1bHVFZFlWeThzMnFTRXg4WkR4YTlUTU5STmk4NDJseEVoWFM1amlKbGtVTzREVkYxX0cwcWYxaW13R2RnZjZvWW13NUN6aUo1VHg2QmwtSW9Idm5UVGRYY2lWLWUzSEljbmxhSGhQTlB1LWpFd2JNd1pQcUI4b0VHcVJLTU9aYmRtWGFlM3ZVQjI5VVdiUHZMNVp5TDBTbEE2Z1ZOVkpXZGfSAdcBQVVfeXFMT29vYXA2aGIzZFJZcGlOM0Q5RzZ0RWRzMjY4R1BwNmppMWpBMTJyMzgyWTRFTGNkbUlJWVlvaGVjNy1LTVpwR0hPM3dQQUpwLWc5OTlDM0M3YVZub1ZkOEpRMjVkWk5SeC1SWGlmb2VwbUk5LTk3M3lyM2dHMFlpN0xkZWd2Q2x6aldjWnVmc2NnUDBfZGd2NVMyeEstY2N2U21XX3N6Zko0emIzaThOQ0wtakd5THNxTFY1RkhuNmZ5c0RMV1JsQ0ZJUFFFLTJUVHRqZF94LTA?oc=5
HAPPYFORGE.NS,2025-02-04 08:00:00,SBI Mutual Fund launches SBI Nifty IT Index fund: NFO Opens on February 4 - Business Standard,Business Standard,https://news.google.com/rss/articles/CBMi5gFBVV95cUxOMEw4TU1Qb0ZPbWRFWDh6MGp6RDJDUFBWZGE1VXZTTnJWU1hDZXFiSEdJWnBSOFZXaHhNS0xzSzNmYjRFYlFsdFh0M25NQlRPUDRIaWRIWldhUm5rNldYU0xma3Z2U3hIY1Z0d1ZBOW0tbDlsdDFoNEdCbjMyWUNBdkxRdFgyUmdVXy1tdHpia2FnZUZtdlktODh4eUttX1l1UGRZelo0eWE4RXR6ODNzX19qd3ZlY2UtR0NmdG4yczVNN2h2Z0hSQTBxVkh0NDJQVERuVWxfVEVtelE4UHQxRU1UV1BqZ9IB6wFBVV95cUxObHZycm9rQWZiWHFjOU1ZdE5XeDRwTFJPQ1JsU3AtTVRobUFxc01wVE1MclAxRDkwdWFPMUdObzMtTTVQX2d6WF9hUEtlM2hUUEw1c0VxYl9DS1VndXgtUThRandqcGpzcGpGZnJiRHppX2twbUwxTEdUT28yTm9yWUhNWlloek1sSG1ZOFlGOXR2MGktb0lCZUFzZ3VzNHBCVHlEakZkcFZtOENKWGFQNGwzMF9sV1BiMU83U2lnSHBxS3BxOVAtRHpPeHpFZE55b3hiQmt5QUNhX1NFY19XS2htSHJqV3VHOVJV?oc=5
HAPPYFORGE.NS,2025-03-05 08:00:00,"Asian Paints, Bajaj Auto, FirstCry shares hit 52-week low; check details - Upstox",Upstox,https://news.google.com/rss/articles/CBMiyAFBVV95cUxQU2lFSllMNHNSRVh0MFBZWGNLMzViTGRuMUM4Y01mY19qSmoyRWM0eDcxUkQ4aDlDdEFkTWwtWXI1aF82MlRlRC1QSmYwT0gwY09ZQW1rUV9rb09oaE9BUmpMUmIxSmF4b1ZwQXdQSklwRVlBXzF2dDFSMEJBVWZock8xY0wzZE1XQjBOQWNIZmphaGI0YkRmclQ0UU12bHhjQmQxZnFLUDJxblJEbUdUSGEwallURTBnOGg2NlFuVWhBa1ZadUd5YQ?oc=5
HAPPYFORGE.NS,2025-02-12 08:00:00,Happy Forgings Signs Supply Agreement for Heavy Industrial Components with Global Manufacturer - Autocar Professional,Autocar Professional,https://news.google.com/rss/articles/CBMizAFBVV95cUxQelZTM1JBV2NzNUdkeVFzb2U5OHFHMUpPWDhNTnkxX1RQU09nNlk1OElZOGdLT2piWkpHOS1obmNMeENfTmZGbGtkZ2JQOVBIVXYxeU01NmNSY3pmNWhyM1lOVGdIM0RjbEd3ejFGMnNncC1VNTVDeENlbVViRFViRHJRX1ZfeTR5VV9uckFBS2Z2N256b2RYQ1lNU1Q2M3M1MkE3eHJyLXhFUW1iUEI1R0FtbVhiUVdLenhCa2xQV2dQUmJEOGE2NWFfNErSAdQBQVVfeXFMTVAxbUVJU0ZaUEQwNUpOcVdmTGVuTDh0WEtrdFNZZ0tuMVNmV2laRlpfLWNaRVJnclU1ZjhYY1lWSUl2anBmcnAyLTJnQTNpeVdVVjc3YUNQUV9va0J1UVhXb0xiS1JGZUdDRzhtNFFzQ3FuYWZxOFAtdXZYSGpoMVdoVW9UbjFQZl9DQTBkVXlOOHM3OUdfNkZrMDRRNjJqbE5MeUxwMnZVd01JSUpkZVVZLVowYzdfLTB1SnpwWWluUENiZkdjZHU0cEhxTUo3eTVJdFE?oc=5
HAPPYFORGE.NS,2025-02-07 08:00:00,"Q3 results today: LIC, M&M, and Mazagon Dock to post earnings on Feb 7 - Business Standard",Business Standard,https://news.google.com/rss/articles/CBMi2wFBVV95cUxPOU9GQlhqbmFWbDM0ZzhOVk9obElieC1zNlppOG5TMERvRUhsVEI3QTV2eno3Y051LXR5QmpVQ1cwM0hNeDRLUDQxZEtnY2tiNHdHX2R6cXZ5WnY3dFFXZk43VHhNRnZESEVjQW5HZktjVjMweVVfRmtGV2ZUcXVUVDhCd254SnBncnI4RzJ4YVAxVGhvS0NVQ3I3UWg1OEZ5dEhSa1BmWU40RzItcS1YZUVpemN3dGk2RV9obUhleU5yVWtHNWRWd2dwX0FzZU1LUlBINER2Wnp6QXfSAeABQVVfeXFMUDRiQ3gyS0ZGQUpSbmk2X2hKVHYzeVFTM3FET3lsSXZwTGd2dExiVm5JbW1LbEVFU21EdEd5Z3M3V01VNm40WFQ1MVllVXZEdWlibWRudjBUOXZKYUxyMTJVXzZCRllKN2Q0VmhxV3lrYkk2a0s2TTBvTGhqZ2ZYbW5QTVY5d3E3RDBOd3hOOXZldU5FVWhUaUFUTkhBVHpLWG4xQ2RfbHZsMG5JZ3EzVlRGc1ZHT3poMEpyWTEzQkJfTDVZaFA4SDQ5S21DQVFRTTdHUk1ub0RfbkVyRllZM3c?oc=5
HAPPYFORGE.NS,2025-02-06 08:00:00,"Buy Sona BLW Precision Forgings, target price Rs 725: JM Financial - The Economic Times",The Economic Times,https://news.google.com/rss/articles/CBMi1gFBVV95cUxQaEctTDd3aWI1S3pfR2hpamZaVlVNUHAxUnNjZG1wNmt4ZmxMTUdjeEFIR05DVFp4Zzk2ZktBcTIwcmVWN0ZPa251aGJxU1NacG80cFpWajY4Z2ZocnZjODJta2pMQkswYzNfTVJVVFhld3JuM19xdjRRRGNrbTJ1T21UX3hKc2RRXzFWMkdFUkw3UWxfRi1vT0FkbjB5Q3BJUlRZM2Y1SVRfZnRDUDFwcXdYalB1d0dsRk5rcWpnbHhPSVk2MEdGU1N4SmZsWmRxazZQb1Nn0gHbAUFVX3lxTE5BdlFYUGRBQlQ4NkZKSnZGNDR1c09IVUhpVU1PX1dUYVFMcWtHMXg1Q0I1VFlWeFdTWDk0bFZoSngzVl9kOTEyYjBMdmFuY3R1bjBsWDZUWTEwZ2lDMnQ4Tkk1YUhLN0U3RVZrdVluVld0MEVwV2oyRnRLNWhOU2JqZ094M0pZa0ZKV1EyVTAwUF9PMG5xY1BDS3hqMWxWZm5QeDMzVkdtVXpUUzZVMWIzRjZYRThWNXBOUWh2UEhZU3ZrWkxUalFVQXFnZnRCamF3NWhqV1lNTEZLcw?oc=5
HAPPYFORGE.NS,2025-02-07 08:00:00,Q3 Results 2025: LIC profit rises by 16.26%; M&M profit up 19.64% - financialexpress.com,financialexpress.com,https://news.google.com/rss/articles/CBMigwJBVV95cUxOZGthYl9OWXdNZ25pQVdRdHBzTDNfUHNxamVZdW9Ga0k1LTUzWThzczFuaWRJQUxrQmJXVUZOSmJuVUg4ekY2YXJiWGhTel9HUGNuSWNmdlIxY0s1c1c4QWo3TmM0anFGTkRWRGxpc1M3RDFlaVlaY0NRUXpjUzg2TzM3TW8tYmFUYTU3Y0IwSkZEQ3hKSWJkTTl4WVNBSjdpX2lBNEItV09pVUhKa2JHbklmeFlRSGlpcjY4TkctQUtRRVp3Tk4zaFg1OGNQVUJad3lDTzc5cnJ2dEw4aUZvT3FwMnpVWEJpQThJVnQzWHpnTUlYMEJCdFJHYmxSOWJReElZ?oc=5
HAPPYFORGE.NS,2025-02-07 08:00:00,"Q3 Results Highlights: LIC Q3 net profit up 16% YoY to ₹11,009 crore, net premium income falls 9% - Upstox",Upstox,https://news.google.com/rss/articles/CBMinwJBVV95cUxNNjNyQ1RWcnpIbDZ1RkstLUdNMEQ3S0tELVRlLWtoaDVkYzNfN3IwUmUxZWl2SnBUcno0aW9ZZ2tKTGpiNEx2dW9OaGJRb3dLcGVZSDFyWWJEY0V1ODdsVnU3V3hMSVFQOFM1V0c2UmVDY3ZPT3R2bHpLSWd0UmlaWmM1TEQ1bFJPWW95ejlndGpKWXNHXzd2VE0zWmMtYTBEZjg5M2tvYWlKRnlSY2dQa0g0X05DOFBJNXdiVTZXSWpMdzZCa0JXeVdlSGVEMlZHX3JHRDBGNDJ5QzJKclpTTjhzbndYd3NCQ09VbmZsQkNUMVBtQUZuU0t6d0E5blMySFlmam1CcGtTaEpyc0pPVVVpb2lOLUtOQzNrMWNCUQ?oc=5
HAPPYFORGE.NS,2025-02-18 08:00:00,Ganga Forging Insider Ups Holding During Year - simplywall.st,simplywall.st,https://news.google.com/rss/articles/CBMixwFBVV95cUxNSElvQ3lqMkhkNzB4WHhYQnNmMjZRYVJkeF9MYlFZamx2clBDUlExSXM4U2R2d1JPRTNTYkVuOHRmYWE5VzhPbnNNdF9DTTBCYVdtUFIwaU8ybzFfX1k0OGYtcm9ySUpyVE05bGpOYzRvaFNmN3NGdFN4N3ZFY0VMcmF3bWZ5WE5LT3dNWU82UV9IWFdfWUtBNEhSeURDUVRvM3dUek9kdXdfLXFfRHdjRUNRbmJmRklrOG5aVGJuWFZyTUo1Tmxv0gHMAUFVX3lxTE00OVBDSXB6ZDUtNi12ZmxFbUJZeGREQnd0SlFGYXB3UU1Qa3NFR21LWHFiY21KSGlrSmF4N3NkWk1KVXQxRTRxRnlhYTN0Q29xUWNMdF9NSUhFbEI5LWhUa3Z2OElranU5LWZieE1kQXpJSEFXUTZRZXV5bDNIU0lyVmw1Z0xDbndGdVMtajM3UnFPVUUySXNNVFlvNXdDR05FZ21zY3c1SVlZbDBPYnZLa2szQWpHcDNRQ1I3Yml5bEI3aG1Mc09nZWxtZg?oc=5
HAPPYFORGE.NS,2025-02-11 08:00:00,"BHEL bags order worth Rs 6,200 cr from Damodar Valley Corporation - Business Standard",Business Standard,https://news.google.com/rss/articles/CBMi4AFBVV95cUxPeVlDcEtkU3N0RnZCR201SjcwYU1pdDk5c2ZFeDVNMS1LWXE1SkRGNkhkX09DWTBsY2QxRTI2eWFwbllxVG9ORXhJbmlJQ2xSdDI0c01BRkNTNEZfdXBfSU5jQUdvMDNQRTlvX21sb0gxN1dWSXk4RFQ1NE5tWkhqS2d4bExtdVY0ZXVUOWstamVaaDlpaGtrLXdxbE9oMmJxNmswWHlHb3pXVkV2RzVDTTk1V0pCQlJnTF83aV9Dbm5KZktjbXlLVWptVVdHbUNtTWdMdE5DZHlvY3pjWjk2ONIB5gFBVV95cUxPM2dqUnJMWHRnQXM5ZWpqVzJHcHBIQXJwbHFtb0FoSHc3eERQWUNWNm5lZ2pDVGRZUTFTMmtaR3B0cWVTSTd0a1gyOW05WHVYRThWSXZmWkFVZWRyMnlLOW5uc2FZVTRESE90cEJvZm53RmxiR2FSMG1uVUhGWW56MmNTdko5NWc0SEZnalFFQl96X3A3RWZvUEE5My1zU3lkUENBR1Q5b0V3V2NtVHIxYWU4VzNWUVo1ZW9nYTEzU2QzR05pSWJpTmNRMDQ3dFdvRGhQMGVaSmw1WVdVUEhsZzUtQUJ2UQ?oc=5
HAPPYFORGE.NS,2025-02-12 08:00:00,Hazoor Multi Projects bags NHAI project of Rs 7.91 cr - Business Standard,Business Standard,https://news.google.com/rss/articles/CBMi0AFBVV95cUxNX0RHUXZjTG9YalhoRl9lVURmOGZnY0dCbGZPOUNlblMzbDJWc2JQQVpkdnlEbWJtWWpQU1RsQ0VSTWpXUGhQTXdLZXFOS2hKYTdlSmJmNzBxeWFPMnhJZDBZTXF4NzB1Sk45bmgyMDdQTG1wZlY4ek1Va19ZYmJ6UkFiMGdBOHc1aDlVTDBzelBpYmlLQlFwWi1pM3ZMTWZwbXZ1VVZqRHZad0phalI1TDhrdUQ2aTF2N0RCNjVlX3BhQlN1Y2FiNGc0QU5naGtK0gHWAUFVX3lxTE9PR01ZX3dtTGwyVU1RLWZzQ0VVRnlOQ2xvWHdtUmdMZnBDWS1paVg2TjhVdVJmN2ZMWktfR0pmLWhscjdDRjBHM1dlaWVLTE03dk44M29qOGRTVUhYOVAxeUZIREMxWlRtNWY5WmdwTGJ4dk9xYVYwX1JxVTdjX2xSVVdfblJLdENwbG94eU8wQWlsdS1YbmVtcUhJYndsaS04RFh2REVvbEY5Wkcya1JWN0JnUTdjQUh3TXo3WmktVlE1T2NheV9lRjdiTTRpS2Z2ck52R2c?oc=5
HAPPYFORGE.NS,2025-03-26 07:00:00,Happy Forgings Limited's (NSE:HAPPYFORGE) Popularity With Investors Is Under Threat From Overpricing - simplywall.st,simplywall.st,https://news.google.com/rss/articles/CBMi4gFBVV95cUxQa0VRZUxrUGJ1czZjYUV5eUttOEJ1cWNNUGlrMWk4ZElJenFUSFA5T0hMUkd6Z2tkcC1HdTJJamZtT1EzTWNwN055QUJoajVnbWZGMzBodTJwdmcxX2J4T3RfZ3kxWkVVRzhIQzU5VFBFMnpqRGJGYmdrRXlLNnNnWVlxV2JEaTFkU3lSemNpaF9IaHhKY1JNZG1FcXQtbjZaaW42czc5clN2aHlpQnVCSnJwNzVGM00tSmpQRFdDZGJ1YmlBZ0Jpcll6aExPS19EaTNyZ21RLUkweGZ3ZjVyVkVB0gHnAUFVX3lxTE84cDk5V2c4cXh5SlE0LWNrR1BJYVBNeW5LWVFQOFc0S1g2WUh2RDFSUEQyU3dUdHJuNktLTGtSZy1Fd2w2ZWxPZ0c2R3hmdVBkWXZRZG0tR3lERWtOdGZmOXFGd3UtQjFGQUcxWHloT1lra19vZE4tNzBFLUFTeE9BQmpSWmtDMVB5dXFTMVpNVjBaVXJJNUhrdnlvbVBKQUZDRTR2LVQwd05xbWJqX0NHa2tldzJ6R1EzRWtPdHAtQ1Rod0gyNzVQdVJKZzcwcEg5ekNBeTM4Q0dHY2lROHBnaklwU3RrSQ?oc=5
HAPPYFORGE.NS,2025-04-29 07:00:00,Ramkrishna Forgings shares fall on disclosure of inventory discrepancies - The Economic Times,The Economic Times,https://news.google.com/rss/articles/CBMi3wFBVV95cUxNWHZHcE5oUGk0b0dhdUhrT2ozY1B1ZVl0RnduZEltRnJFdE9qY0RaMlhNWFhWbmxfdFZaaW8wUUY3bHJ4TVFMQUxKU3A5OFpoLW9lNmlvTmthMGIzZ2JfcXowbUphN2tUMkdBaFQxZlg3MjhveU9PYV9mU0F1X0xrT2Q4dzhqNTF2OWI2OVJQV19SSXZiSjRkcFo1Sm1FRVB5d1Z3Z0tWOGl5c2VwZ29KS3Nlak1ocjRoaHIxVEhOS0RkUDF2Y2R1dFVvUUFrZ0lMbEU3ZWhNNnBRZTVDbElj0gHkAUFVX3lxTFBWNldxN19HblFaTEdOTTV4VGM1SHMwb1MyWkxpUHVvZC15a0NyUVBGdVJSZmRkem5wdmQ4eFJaM0FvNEdXMGdZZ3NPU3YzalNnRnlLX1RKc2pSd3pIMmxTU2VRbndYRmJ0Wi1pSjB4Y1lOUEFOYVVGVWgzaGJLUnYxSk14eFVGZUdQZ25JSUExRS10Vjk3MjJ2a1M5TG1sUkhmWS04N3RqR0xiUUhzTWpPNHl4cEljSDJVU3ZUSFZGcG5paDVhb0JGQk45R19QRWF5N0o1WENEOW43V2tjeXhYY0NTbw?oc=5
HAPPYFORGE.NS,2025-05-20 07:00:00,Happy Forgings Full Year 2025 Earnings: Revenues Disappoint - simplywall.st,simplywall.st,https://news.google.com/rss/articles/CBMi3wFBVV95cUxQUXE1LW5aR3M1M2JZVFdjeXRRUUFnSXhfTXNrRnRRdFAtQ1hjQUcySWR5djY0SDZaZENpWE4tMXNxeWFKSS1oR0NnY1BSM2Q2MHdVTGJBVE0xc1RXRDVFS0RjUVJ5Z3F3OGRMVHpzUGx1M3JBTUlVQV8zTDFWel9PMTBkNE9WWkpOMGZKbE42dTNKM2loR1hpZE5KSTlwYzRuMHd3Tl94aUhrQzljRFNCc3dSTXpCczI0bHlyTnU3OGJmeVluS3VIWjdMa1RnQTZNUzc1QW1PWlFUeXpYeWVv0gHkAUFVX3lxTE1FYlN3cWl5enloX2J2NGpLWGVObHFodzJ2blEzOGxjN3BTTjloZm1VYzVkcmY2WDVETzlfVV9vR19uYU9zbnVpT00wZU9Eb3g1X1dKRHQ0Q1VCTzYzd1R5WFV3ak0xRXhYQmxsT3dXNTlMZ0xTVjVrWC1pa3BZNWZlYXEyNUdUUllmS1RuclI4azVoazd2VGRodW9sMlRMRjdGSHV2cWpfUGhfYm14NER2eHVHZ0x6cS01U3V4d2FlVVJTWHJucWJBQzVTOEpjN3pOazJKUFR5Q1pHcThYc2VCX3Q0RA?oc=5
HAPPYFORGE.NS,2025-06-19 07:00:00,"10 Stocks to buy for long term: Analysts recommend largecap, midcap, smallcap scrips; BEL, Tata Motors on the list - Zee Business",Zee Business,https://news.google.com/rss/articles/CBMi5gFBVV95cUxPWU56TkZ5alF0ZVQyZ09CNVJZczJ4RlhRb0NjNGZOS1NTbUowby1Wd0FhRUdKLWlfX01RLXBkalBoMjRDd2lXVm1pY1JMNVl1OU9qbXJvaDJjam5XTkctU290MlIyamJlLUhDT0h3SmswTWdkSlVVY3J4OGFJdk9hbXVzWEJZQkZGQTRZR3Y5d3VzcXdzaDB2T05WS3hJbXVqZ1J1a0tqLWYzc3AtYjVqN3FRekkxVXNUY2VRZElDR0w0cmdYSHhYajV4QmtUcjFLeFpEbmFHdG0wTi1Kbi1qTU45eXRidw?oc=5
HAPPYFORGE.NS,2025-06-06 07:00:00,"Balu Forge Industries Ltd (BALUFORGE) Stock Analysis | Price, Returns, Financials & Key Metrics - Markets Mojo",Markets Mojo,https://news.google.com/rss/articles/CBMicEFVX3lxTE0wRnNkZ1ZYQjhhVXZDdFI5MGlXclhfcTVyblFKVTZZSjhCaGRiQmt4bF9kY2l0U1lraTBvUEtpM243X3FXUjdzVVRCQ2pwLXhlUVk5VGlOam55ZjZLbklGc19GRG5wSTRQa04yZVBsZGE?oc=5
HAPPYFORGE.NS,2025-06-19 07:00:00,"Swiggy, IGI, Siemens Energy among 9 stocks saw brokerage initiations with up to 50% upside - Business Today",Business Today,https://news.google.com/rss/articles/CBMi6wFBVV95cUxQQnI1RW1qYzlha041bG52dG1tMHJOeVdLOTJWdU1KQnJIeU45ZGt5dC1kYjF3ek84ZlJVeTdvQXo5ajhabVF0TVpXbEpVWXRMeTJnS0hMZktKLVhjbWRyN3drX282WHBrM2RMbC1PR05VR0JwV3hSc2YtNDRILVFpeDBRdy0yMDF2NHlGaEhTeEVudE5uYTlMQkprbUUxQkVaQ3ZKTzFnd2tVdFNVMkFTZXdwSGhTc2UtaEpvX1N3RUVMN1hrTGJhY0Y1VmJGMFdXdl9VSjN4dDBRX0JUeHpaUklGY0dZN0NqR0M00gHwAUFVX3lxTFBjcVVhMkRRMFNkX0JSbFZGNlI0bnlkUHlyUG1xNjVvQ0hGb2Q4VEpwNGhJRVByUmNUMG5zYjRGSnNBR040WXVtR3QtN2xuZFBCOTBYWVBQSU4tZjV0U3RpZ2dCM1E3SW9IMng1a3UyMDJ5RkVpUl9qVnpTTnI0THR0NDVPYUN3QVp4aWdXZXM4WlZiSzlCREpRNTVjY2dlOV9qamI5cnpqem5qeUh5eFVHMURSU0VCMWh5UEJweDM3YTJwNjRfbWliQUFtUWRSbjVpVlA5SF9vMWhNOWxZWm94NTVTTlpUaWpsS192WGV2RA?oc=5
HAPPYFORGE.NS,2025-06-10 07:00:00,Mutual Fund strategies you can steal from India's best portfolio managers - Business Standard,Business Standard,https://news.google.com/rss/articles/CBMi5wFBVV95cUxQOUpzZFp6VXNmY3FuajJFamxLd2o3TUQwcjBkTVkzLTR3WlBjSmRHajlOWmttLUpHZTZTUVVoNGxZbVR0REswa1ZrWXoySVJOMFE3dS1CWnZ6MndUUTkwcVl3WG93SXl4Rzh4T0R3ZE41VjAxVEw3MVBSUkZSODR2Z0ctYVhMdU9SUVp5el9xLWZ1SHpmVFVMdk5RVWo0c1J6MXFSV0VEX3h1N3BIcVZ0clI1THJHVlFYOWNiLVYwQm1DYWU4VVozQ0c2SkFRUEJuVXdSUWNaSkJ0Ymx3ZTNoQmFKbWM0NVHSAewBQVVfeXFMT0lkQXdXUFkwb3ZWaDZkRW9EY2VLM0h6Y0FrenpMcVpRMHZjMUlLZVJkWFg4RWJySS1SbFJlbXp6SWFXYnFDUlNubVVjdWdnTkJ5MDluQURqQldCRDMydWJGaUFqVV9vcFBEa3FCUmRMeEp5dktLVWM5cEhNbTRER3BGbktCdklaV3haMzllOEZQS2JGTXl2YTdlNXQ2SjFzTFlVVGZHTkdlQzZPMHB6bXhzanRUOGlFVi1GU3ktbkdLV3JNZFBXWHh6eHJJbnh2TGlkeDFLRlRQS09aZk16SGt3N3JhRGYzZmEwZzI?oc=5
HAPPYFORGE.NS,2025-07-22 03:58:51,Happy Forgings Adjusts Evaluation Score Amid Mixed Technical Indicators and Performance Trends - Markets Mojo,Markets Mojo,https://news.google.com/rss/articles/CBMi2wFBVV95cUxOVkhLMDdNZ2dfY3pJRmVNd3dxQUlhUXpoWEFmX1Y3VGoyQjdZQmJzS0U0dDItQkpKeG5zdEdhZTItSkFTS0NhQ2NfUFFtWkMyRXZqZEF5aDBBMmZOa1pkamZXQ19KdlVHLVFiaHYwYmFqSnFJamluYjItd2dXalI1R05yMzk0X0gybDRzbUhKRTZYMkY4eWpTdDh0ZFZfbjhKSWVZbFJHN1o3ZHgyTTV2UklHUy0tN1ROSi01UnNVWlhrWFRrWUEzOERTcUE2RDhvMElpa3NzMzRjdHM?oc=5
HAPPYFORGE.NS,2025-07-22 07:00:00,"Happy Forgings, Voltamp Transformers, Siyaram Silk Mills, and 5 other stocks to trade ex-dividend - financialexpress.com",financialexpress.com,https://news.google.com/rss/articles/CBMitAJBVV95cUxQZHhFbWxIcUVETWh3SDJnUGoyN1R4ZTlkdjI2SWlOaDFoTzdsNXVXdXR2Yi1kYVRfR0o2c0ZjSEVOSEZoVzdnVXVSaXA1aklxbVNSWDQ3YUg0by1GNU1ZdmszSk9NMmF3aGI3aEs4RUlsb01FY21pYTNwVXdLY2ctOUNJaGpJV0otVjdDN3kyLTRsZXRDYWptYUpwVzdBanl5SlRQNGprS3ZVUHV2T1ZvNWhlWmRMb2JXaTlMbXEwbHZfd2VCY01ScG1ZN0NYMkNSdTlDVGp0cWY5RzV4TDlISWU1Qk5yampDbEZ3U0djMFFZRmVMZUxURDFNT3VOR09PbFh4aTRQNEt6WXJxbWRmWjVWbGdHNmoxYU5sdS04eDhOdG1UaDRFMVNETzZpQ2h2LU5jZtIBuwJBVV95cUxQQjd6SmVlZ0htMVFlNGFLamM1eUJYMWFFTjBYQW5weFg2SC1fSngyYzVMeDZqTDlnSTQtOTZra2JDbmRGbEJBMEtGazZ2cTV5UEhhaGxsUndvaHdyLUxQVjg5WndyZjNKVlBNcnhacXlqQVZjNHNFb2pmZFZ5bHRIZDloQ2NjWENmbWRYOG82Sk5pNktidFNmS3RyV3VpY2lIUnVMZVduMGVISjg1NDFiajNoVlkzVkRJTFJGdVVaNC1wNnlzb2Y4T25XcGR1Zk5XV2xQY0xQWmRBT1ZOcU8xVmFmdEpkMUhCUDhENEx5NHkteC02Z0RGckpxZlk3Y3F6d0Ryc1dDV1k5SGxLcVQ1bEdxN1doclRTZXpxQS1Uak1Yenp2a0hUbXFDNkc4cE9ZOUNfT1o4cWNiTHM?oc=5
HAPPYFORGE.NS,2025-07-22 07:00:00,Voltamp to Strides: 8 key stocks to trade ex-date for dividends of up to ₹100 on 22 July 2025 - livemint.com,livemint.com,https://news.google.com/rss/articles/CBMi9gFBVV95cUxNMFFmUVpTWVJsX3lzd3Z0dnZmMW9Xc0UzWng5V0JKVk9pd1NMYngtdmJaVHIxTU5lb0ZpNFJwSkJTMUtPMVBsZ0VkMFRwYV9oa3R3ajhqbDk5d0lKRUtUWjNNYll3b1Nxa2s3YUdWVDlfX2hlNnNuQVZaWkVSSldBMzNsTnh5RVZFVF9UdEpkc1BQYmtnTmRxMno5ODltREFsc2hycmlZR3pSd2J5VUdXMFZoT0FrdTJJdEFSRDdTa0pMVy10M2lTdlpYcmVvaEpBUHc2NDdkSjlmRldFT0YxSC1QNWFhN2czQVRzanhtZVJRWERQQ2c?oc=5
HAPPYFORGE.NS,2025-07-22 07:00:00,"Stocks To Watch Today: PNB Housing, DCM Shriram, Bajaj Finance, SBI - NDTV Profit",NDTV Profit,https://news.google.com/rss/articles/CBMinwFBVV95cUxQX0Zia0o2THVUVS1Ua3N5XzhHLTloUnllOEtGS0hrcjROY0dqNnNfMGNkYWFtc0VtTnp3MzliNTB3NzBNNUpJZTBSS3pSaFY4ZmlZQVV2UHg5OVFhVUJQOVpjQWNHM0R2bF9WUkw1aEZnTTNWUnpQUU1DcVpvU1RqMFh6UUJILVFMdmhRVUhIT05DaGJfYlNjdDdpMk9reTTSAaQBQVVfeXFMTkZDaFB1Ym1GR2MtOHJuaHdzR2FoMDdEVVptRm03WldxX0liNFlBMmZVQnQ3Q0Y1cm1Mdk96LWVvcm9EOEV0NExOaFZjTFNGTF83YVNHLWJldGVQOE9WaDlER1BKcG5OVjVMNkNsOW5ac3JWV29RSDJnZGxQWFpWRzQ3NnRia0tyNTlDazVXMjV5OWQwai0yX1VHTTdNNjlaMVBVS1A?oc=5
HAPPYFORGE.NS,2025-07-21 07:00:00,Dividend stocks: These 8 stocks to go ex-date on July 22; do you own any? - Business Standard,Business Standard,https://news.google.com/rss/articles/CBMi8wFBVV95cUxOU25EZHFZRERNZXZ2cDdRRHg2bFhMOU9Mc1ZTQ08zS0FiVWZ3X2lOMXZ4QUJ3Rk1UajZCckRFS1c0YjBXa1hJRmxZdG00SE9Vc1k1ZW5oRWNadEhUUm9hNVNLeVVVdS0tX1Rld0k3MEhhTW1hMTRWZ0VaLWxSaGctWVpSYjFXcWkwdjBfeTVGQlpJMjhRWTUxMW1KZVZ1Mmp0b1lmN0RHMmZnLTE1RDFMaWJrWWFpekt0TG5PSWNhblRjTERzcDZrZXZzQ0FjblpUYnRPcmtlOHpKUTlwRDZPTzl4anZVTGR3U3M5MGF1Yi1FN3PSAfgBQVVfeXFMTm1LVnJPcUZ6bmgzS2xOWi15dm00cVRVX21jcEdQQi1YWjM0UmlQalMyRnR2ME5RYV9SQ1Z4aWRGS1QtTlplQ2M4blNZeXBSVVFwbWVFMmRMaWZjSlBRYXNuYUxuRnZxaEFJQUhOclJOUktabWdCbkpmdS1uaGRXZnFORGRUWjgxT1VkZS1ySmlzTUYwV09rNlJFV2l4Ui1CSlBtV2Nsd0tYZFg1N19XVW1MQUxNeEI4QUZtSi1qcGE1QWZBMy1WSXVZdlVQRDFwdm9jRjB6S05RMkhJSlpob1d0ZExfdkNNcVFzRTlYVnpsZGNuWHdtVmc?oc=5
HAPPYFORGE.NS,2025-07-19 07:00:00,"Upcoming Dividend, Stock Splits, Bonus Issues Next Week: Novartis, Hero MotoCorp, Radico Khaitan, And More - Goodreturns",Goodreturns,https://news.google.com/rss/articles/CBMi0gFBVV95cUxNNTBBbE5jMnB3dl96cFlGejYwRm5UOWctUHN4bnRtZHExblpZbWFHTEFobzg4cnBOQXFYZDVvN3V3c01tc3U5azZ0eDE0U3lCS3NsY004VE1wOXlXaU5vdjQ3Tnk2ZmxlWTUyNlJUNHVWOHZkMk9Na3FHalpFcWNOWnd4dWM0Yy1SRndEaTZWbzhyYlhBaEJ6b1dXM0ZDczhuVTVINkMxQ3liT1VfMXlkUjRPMEFPdmFPMDZDbnJYenZqNUNQZ3hLQTJnLUZPcTRnVUE?oc=5
HAPPYFORGE.NS,2025-07-22 07:00:00,"Top stocks in news: Paytm, SBI, 360 One Wam, Bajaj Finance, Titan, PNB Housing, Afcons - Business Today",Business Today,https://news.google.com/rss/articles/CBMi4AFBVV95cUxOWlVzUVZERWdyZXhueEx6Y014VWtVZmZYUkRqcnlBakJ5RXFuU3BmUHJVQnEzcXdzak02eG0yWkYwUWpITVBDWEFneFJwYm11RHlBV045UUVOQkF3SG1YT0QxVTR4MFhncUxfRE5oYml4UDluSHVsckdOcWUxUmUtS3Q5N3VxNVktX1hBRGN6c0dJUnByUEt5cS1tU0tuWExHM1NzX0ZLQ2Utc3oxLW5YQkRJNVNJbGhnZ0tKNjRiYWc1TnItRWh4QkV2MHJkOGl5NU91RmNvWV9Wb0E3TVp5cdIB5gFBVV95cUxOc0FvNFRzSXNJYUxIeDRrdXJSSGh6RFRZblZQY3JNOE4ya3IxNmxxQUYtb2ZhR28zSThvcmkzNnlOUGFpNDNCaGRycHVuejU5VUt2OWFuVktMZ3BwR1FCaV9ZQVduLUx2RTNJRmVYajJTRTF5X093N01SWHBZWXN6OHF4MC1xaGZhcGltTDFKOEtrRkJJdzAwRDM4cHJCN2ZlUmIwd3hraElFSjE1SHpZRDlCSTFnUVoyZHpiNWNvUTdIWnZiUG80NzVITHFZck1LMFhQOWxFdWxDd2QySFJfRzEwSWtTUQ?oc=5
HAPPYFORGE.NS,2025-07-20 07:00:00,Sona Comstar stock to be in focus on Monday after autoparts maker signs to set up JV in China — Details here - livemint.com,livemint.com,https://news.google.com/rss/articles/CBMihwJBVV95cUxPUXZXUXNTZ3R4VFF1ZW1BSWlEQkRoYW95eFhwM2hoQmJTTHA1SUdVZ0k5eTI5X3BGV0RqTUd2Q2ZDODJWX09UcnhNTlZYcExvbmZXeGlVT3c1MVZvSjRGbkRaVFVwdy0zd0QzaldUWWJVa0QwcEE0MzZUSDFMaU84OE9xVFRRd1JjZExOaHVZVDk0M2F0ZThHaFBxZ1h2M08yOEdSTnFpTVVya3RnZkJXRDhLY2luY1dyVXdXYXVMdjU5dDNqOFQxNWNvRVdGVnp5b0E2LUNFeXVqMkhvbXVUTG1va0RfWFdkbmI3YmlWWTBYbmNhNmlYU1M0RkxIa2FmWHp4aC1CUdIBjAJBVV95cUxOTzVic3NjMWpaREJzN0FJLXR3TEh5R0pWTi1uNFdqNEw3bC02UE0tVVc4aGI4Y2hGSFZwU2VEV0RzeXlLR19EVGtuWTA0dDlZTExiR2ZyeS1LUzVTaWRZMkNlbHFFTlgxcVJVUmg4TEhEd3BTNE51YTd5VFVHdklyLTZYQ0lIaUNId3EtQXBJb011eEZ5N3djWS1mSzNqdHpDelRMbmdGWjBxUjBPZVFab0hQVVUwanFzS0tBbkxITVRmWGNyNXVKWFNTY3FVdnFJRlhzSmU2ZGJyNTdVb3kwT2NSX25MUXdLU2VmcUV5SUlNWHgzV0dBeldCRDBoRzNyUWlfYUVFQnVFeVpm?oc=5
HAPPYFORGE.NS,2025-07-22 07:00:00,Stock Market Today: All You Need To Know Going Into Trade On July 22 - NDTV Profit,NDTV Profit,https://news.google.com/rss/articles/CBMiqwFBVV95cUxOUXk1WnphcHFjdDB0Zml0UF82MnZuQUlpcVhKNi1NOTR3T1B2RHBuVmFoM2lRQ2ZKaGJ3d2o1WmNWODl3azU0QWlJM0lTemYzZkFHUTN1Q0RsNlY2TFZqbndIMFAzZ2ZGTHdyOUs2cGdGQnlRaF9YNDRSYU9DOE0wM2p3ajJFSkdSNE8ySEY2T0tJOWs2N0g2ZFQ1UFVLbzJmZUdjSTNURGVUN03SAbABQVVfeXFMTnQ4MmV3c2I5Mk5vVW1UOWNPYTJjdUIzWVpxaHp1bnF1a1YxeFFDZVJzdElIMzBXZGYxQ21Ec05WYzBWRnpidV9lVUwwTVZzZF9VczVFMWVjVUNkMzhabXhvZXFCSkl1WkxPTXpqWmZsRFdjWDMwWHl5dGdYdzhpeWlpT1NpU2NpaUIya012UmdqUWdteUlkemlULWJEYTRMZ3g3VXd4dXV2V3VOXzVfNGY?oc=5
HAPPYFORGE.NS,2025-07-16 07:00:00,"Mutual funds buy Dixon, Biocon, Kaynes; trim TCS, DLF, Coal India in June churn - Business Today",Business Today,https://news.google.com/rss/articles/CBMi2gFBVV95cUxNM3FtRTdZblVGYjhKZDY5NFB2dzM1bDVfaWRnLTZkOTZ1bl9IdklXeVBZSGpQbzJLQ0lrM3hoaTJiT0p0TXJfY1IzRDN1VlBucDZHMTdmcnVWbE5sUHZoU016bTgxX2R2dW9xRy1xYWZ5bTJWSktTMEFZaklXRkx4SGZ2R0V6cEl6VTJqLW9KVE1DdjlGYnpfOXlKa3gzQkRZekF5akREM3JfazdFdTBJcE5mNGJCbHNkaGdEa3BrSDNMN3BMaUQ3ZUh6RF81clY0OERqVFNBdjdPd9IB3wFBVV95cUxPam55djg4bU5neURCUHlQNTIwTUVRcUsxV0VkOXVxT1FJemQ1dnhGVEdBSDRtaW5SNkoxWkJCSFphVTVUeDE5RnRmT3A5UkI4SUNpcnR4YllsVWpNb2UxTG83eUxQelgxMXNhRldkUVNUQ0NpTmd5M2RfeV81dHFIVkdmNEFOdGMxSWU3YW5aQkRFRDEydXRyX1BsQWs3MnpNQWdVRUE0RE1mbXZaRTZVY3dOYjVNbTFJZk45elpuMGNhY19qaktlMzlFTzNFTVREYUFYdV8zY013aEZlSEdB?oc=5
HAPPYFORGE.NS,2025-08-09 07:00:00,"Q1 results today: Olectra Greentech, Happy Forgings among 27 firms on Aug 9 - Business Standard",Business Standard,https://news.google.com/rss/articles/CBMi6wFBVV95cUxPNHc0VzRaWnhaUkk0aURPSmtnOHlvLXVQX1VOcERTVHNOa3JDWWZubU41cms0WFZaMERoWHY5YkpyVGFLdUljdXZ0blhJWTFIZWpCYjR1YUltUTNkaXFEd0RKY3JnTjNmMGlSTFg2aHlxaHBjV2F6Vms4ajdrUjk5U0tmcENyeGhDU19oa21fZzFVLTF1S2kxZW1fVkZMSHAtQWdweC11WktURmR4T1VJSlJxX245c2NhWGQ0cWdHRVZMRmJvQTQ1cU41QVhZaWtkRV9BaXNOTlV0LVpYV3d3UEJJaWNPQ3JyeWVF0gHwAUFVX3lxTE15amtRUFZVaXh2LS1rcmFscFRHLVZBZHk3VEVmR0o3dzc4ZG8yVEZLYldQMnhxN3JiSDRSbFQ3WjR3QTVRbVE3SWpBZjRNNXVSOXM2OXBRTHk3SVdSd3JGNUI2SjUwQ3hhNVhMOEQwMURnNWcwNTJ3Z1ZwUEh2TXhONHpGYlVjT3g0ODJMWXIwSE5OdlFvaUlfZEtkbTFJbzM5anNyUGdPYzNmWnBaU1FxRGx0NF9BaG5hM2dwM0FXanRjY3g4clFnWVBNM0hNWGY2LW9WWDBRWVlqUzQ1bXItbzdZWThFX0lWT1o5WXBtOA?oc=5
HAPPYFORGE.NS,2025-08-09 07:00:00,"Full list of Q1 Results today: HBL Engineering, Olectra Greentech, Happy Forgings to declare earnings on August 9 - livemint.com",livemint.com,https://news.google.com/rss/articles/CBMijAJBVV95cUxNTGwydGN4QzBLNmZzVG9ZVFdxUUxVenF6dVpGemFJNHBLU0REZ1FMcDVXUTJWRzFPYWtOc2tvWWt1MlhBbUw4NGtSa3c0RGJraDd1dUVLa0ZCTEw3R01aVjVNLUtmWGJEYTlqVU41a0UyWXY5U0haX2hCcDdTWE51TXhrS3picnVwMEtzSXB5ZmlJM1B0WE1tTk1GNzA2Q3lBSXlYUnFWZ0JIZmNtUUttLXhUWnBqUjZmNjNqeWU2ZkdXYkVSM1NCZkdYUmotSTNSWUxnckdObTZzZ0FmV1pDdnVZWW5mUEVlUFpwbm4zek5yT25oaEg1TDVzY0NQbUdObW40c2lkbmpkYW120gGSAkFVX3lxTE53eG5jSk5WUjJrdEZ4bHNxZU5ScXBOR0Q2ek1RNm1aei01eHNNdTd3TkR1ekJhZ1RlZ3ItVUh0cXVKWFliZkF6ZkxvNDRHQlNpMW5OajRKMzdIbFg2Qi1YdkZIMnRzMFJqMUQwdkpPY0hhb3dMd1I3R1JDdzctR3R0NmNzWjhrRkhvOHdqb1ZEcHUtVlFXazNEb2JadXhzMndTSzY4RzI4dV9QTUFkVmdXYmtlX0NzSUs0dDl6Wk0wVTlFOXdmM0FjSDJidTd3Vk83OEtVeG5UdHBNbnFHX2VtV21LeFdvVDJaYzJwTHV1UlU0ZG5DM29qeEhkT0wteDBzOWdRdy0zRnZwWnB0ZFZEWUE?oc=5
HAPPYFORGE.NS,2025-08-10 07:00:00,"MSCI August 2025 Rejig: Eternal, BDL part of 20 exclusions and weight reductions - The Economic Times",The Economic Times,https://news.google.com/rss/articles/CBMijgJBVV95cUxPZUlvbzJHSkhqZmFQdVBoM01zVk12T0VrTndVU1VmUk5nN2VFNEh1bWF0dVk4LVY3SFZ0TnV4UUh1TGt2THF3QTgzcXJIZFBNTWR2Uk9ITFRxbE84MjNkTFJsUlA5WktWaWRSdVZMdk9McTctN1FxTXktR1p0TXJ5dXhQTjBMS1FqVFJJamN0WWZncWx6Y1VuSUNIRV9KNkdTV3RkUUZwZ0o0OVRuWVF1aHpfQ1RUa3RuWGVHMmpXYU1wRTF4dUthX3Vadk9pcWl6LXU5OE9pZTRRS0xDMTA4bHJKM0xrak1LcWpYQXRISkpwOFpIWjkxdDljZlNORGd0YjVYU1c5aDI2V1dkU0E?oc=5
HAPPYFORGE.NS,2025-08-08 07:00:00,"Q1 Result Updates: Yatra Profit Nearly Quadruples; Siemens, Tata Motors Profit Declines - NDTV Profit",NDTV Profit,https://news.google.com/rss/articles/CBMi8gFBVV95cUxNdFcwX1JFQW5HNEU5dGo5cy1mVHpRT2MwYkpnaWk3cDBYWFhKT3B6Z29tQ1hicTlPZzVTUWNLZHVlcmZYOW54MG9CWDlHeXJsSXpldlF6blRGamZRVDFFRmdRbk5FbnpvdnUtX1UxRGdxY1JrTkdOME84UmpLaURWSVV5R2tDclRQYWIyNVNlVS03c3o2Z2daQ3lKRi1LbWhBcEJYQmp1dE12Q21PUENjYkFqeWV1bUVOVTk3OHFycjJsWXl3MGp2MFZfTEx5eVY2WTRQa3JsVGJkZ0FqeDYtb2VXSzIydlg2ZmtlTnJXb3NMd9IB9wFBVV95cUxOcTh4NmRVeUttTXRQdHdTRnFlNVZmbGIzNXV0OVVIejg5aUcxTlQ2SzNYb0RpYlhnaTBzRWtUTjlzcm12UWZnSU43NXFIRHZRV0FOZ0lyUy1DMFkxMHk2b0hUY25UN3l1eUFDUWRtTGsxakxmeFU2N2wtZ1I5anhKSWZMOEpQSlVwNHNFLUJSeGk5eXVSX3Z4NUVpSTZBVGE4QVI3VDBXdEoteV9nZ2YwVExLeFdEcXlSUFlDNEx5Y0lyaFp2N1BiM0RJdmdQX1VtMzRoRmY0R211eHRpV0pzWVRfRnhoYTVBRUpqcDgxUHFxT1VfQWsw?oc=5
HAPPYFORGE.NS,2025-08-10 07:00:00,TVS Supply Chain Solutions Q1 results: Profit rises to ₹71.16 crore - Business Standard,Business Standard,https://news.google.com/rss/articles/CBMi4AFBVV95cUxPUFdzMjVqbjRNYjB6M3d2bG9pcGx1UHg0Z3JHWGtMX3ZKc2Q4QzJBNmQ0aVl4TVJSTkozZGpGSFFoYU4wRHlkQUwwRDk2Z0h4aGEyd2U2aFk4UTRkeXI3UWpESFhDQUQzMF82VXlXQ1dpVk1xTVVpM2gxb1hmcmlaXzVlMnZqOUh6Q3Zhd2NMYmtKU2R5TURpa3Rsd3VWaDlmeHB1S20wUThfWHphWmVzSElscGRNVVh0UEtDdjBraXFDN2UxUFhqWVRIM2hNa0FMMWQzdHgzQW50RVFERDNUcNIB5gFBVV95cUxPYWxJVUh4TlNsV3o2UzlZM01Fc2FqcUwzemhpNVB0V1dFMzRGOHBPa1pYdGdDM1F0S29RcXJTNExOc3hBdWdMQjhkQzdqZnhIaGtVdTRobGFoZlFMLVBoYUlrQXp2MC05QjJrTjFEV1RsTU8zNEtHaXFyM2d6ZFdDUDd6M3hYVjRwUHBUaUdvbzJBR0J6UWhybVVyaEw4M214VXFCWDZoWU9qVUp3WEk4Y0M4OFhkVlZ0Q24wdk1TMFlBY2UwN2Q5dzIzQlNDTWc5RmZKU2xreXgxSG9yNXN3dzZXQWlMQQ?oc=5
HAPPYFORGE.NS,2025-08-11 07:00:00,JM Financial Q1 results: Profit jumps 166% to ₹454 crore on lower expenses - Business Standard,Business Standard,https://news.google.com/rss/articles/CBMi6AFBVV95cUxPVERuZ25hdFFZTE9VZUNRNTQ4bGg3bVJJMjZkbktMNGZyTzZxX0R2QmMwTEVzODBDd2JfeUZSU096MFdoNjEydTB2R281YkVaNUZZMWI5Y1Roc1g2MHRiVWhZQzUzbVU5alpKUUFFWEhyZ3FPOV9XdTBJVTdHak1jSXFPUUpfM0VHUGdrckgxZ1A3bzlzbUhRR1RqMUktdS1uTXpPZlh4b2JxcDJrRHZiaHRCZmJLNDVxQ0xFNTBfUnlfSmdGMmR2bmVMb0QxWFNRS1hOa3dtb3R3d0R4QjZDUUZ4Wk9Ia3RT0gHuAUFVX3lxTE5LY1hTZEd2UUNGZWRLX0xibFlpNlZ2d1ktS0VLQTNhVU1CakU5OWROOWI0Z1VKOG80SzA4Ym1Gd29Mc01ObFlPdmo1Wi1OTm4yQ29GQWhGX1F4R1VUYUlNbVJ1T3pzek9XOU1aU3Z5X3hKMDNfb1Z5d2tqU1RZLUtWMjlqNFYzZkJwSmREUUVrb1Y1S3BSXzlWamtxNUVkWnFwZ25EWUpRM3VVZ3ZSMUZUejJsdEx6VzhQNDZkbDdoSEloOFp4OXlyV3NNZjRfSXRjVWtoZFJSa0pRRVlUejlWbW1iZ2MydzlaZ0ZoX2c?oc=5
HAPPYFORGE.NS,2025-08-11 07:00:00,"Patel Engineering Q1 results: Net profit up 56% at ₹75 cr, revenue rises - Business Standard",Business Standard,https://news.google.com/rss/articles/CBMi5AFBVV95cUxQbmlTMnBGZWw3aDhraGx4MmNvbWxMWW5jeXpwaG9fajRRTnl4VDA0UXJPM09HREs3bXVzVjZSR2xRRVZhZXd1QUM5dmVUMjNVVlZleUtqS0xQRXA4Skg1NXEtQzJySWQ2dGdma0NMVm1XeDlRdGpfa3pGS1lfWjRiUEw4NjdvXzhYQ095SHllOV8wZmNTZkR6WjNGM0ZkMUhNYlU3N2luUjFmQzB1MDFCM3l2WkE0ZmNpLW03Q1dZc2tNNnBDb1JxT3JVZHowQ2t0R081N0EweEdPQWNtakx3eU4yalDSAeoBQVVfeXFMUGNnR1RucnlUQm1IT1ltQkJic05SeXl6ckFvb3NHS29FakFabVFxWENxdEFQTmRZLWxHeDNtYkFfVjROWjBUTk9QSndOMm9zRi1Xc003X1lIS1YxSU02ZGYzUlMxbjYyX3B3WEcxTEJ6LVZDZTY1UHNiaU04Sl9HZ2ptYmE2RFdqMXpmWFRmcFBJM1BrWnltdzh5XzkxaHdVZnRNbFUtUnpyeE90SFFtQ3NUc0Z6SGRrR1dIWnB1ZnB5XzlXS2V2alRrNy1LXzR0eHVTdzg0eENmY1FaNXBJMURxQnRLS2FhdThB?oc=5
HAPPYFORGE.NS,2025-08-09 07:00:00,"NBCC Q1FY26 results: Profit rises 26% to ₹135 cr, income at ₹2,465.48 cr - Business Standard",Business Standard,https://news.google.com/rss/articles/CBMi4wFBVV95cUxNaWxPQzB5Y29YaTVkSUZiOFN1WkxTV0U3ZElSMWl1eG5VQmxTUGplX2dUZjNuV1ZUODMySlQ0dkV5dVdBYXB5WTRxRDNrTUswNVNBc0w5V1lwVmszYnlmVnQtZlRtMzROeDVMRVhyRXJrZFlwamxpSjhUV2d2QW9iV1NCb0dESjNGaENfbHRsZXBKRzlSMUtScGFvTUJwS3VOMHlES201VS1uaGlSRUljSHZHaEI1dmU2SG5yVnRXWGg1SDVyMEU3cXFEYlJSYUstUERBbVFXZ3hmMG9EYnU3VlJid9IB6AFBVV95cUxPNkdsSGxSbl9HaVZWN1VweERnM05UaUZNQlBXUVZ4eXNCaHRTaWVNQk5KWl9RdFZaYVFFcmlQbVpyOUs2cDlFRzF4RlJZOVNhTkZZaTBXUFEweWtGNE9yckZaQzh4MlpacldobVFmeWxlZWJvYXdTSDdyaXZlRE5qM0JTTGhQTXJ6eEdhR3E4Uzd2YjN4VUg3LThyMHIzaU42QWdlT3lnX2E3Mzl6Um1nY3RCZnc4ckQ0SmxCZnh1OTM1V3ExOF83dXhRc1NmdjhUZUh5QjhUbTJxeU95V3pXR3FlaDd3MTlH?oc=5
HAPPYFORGE.NS,2025-08-11 07:00:00,"Q1 results today: Bata, Ipca Labs, Muthoot Microfin among 287 on Aug 11 - Business Standard",Business Standard,https://news.google.com/rss/articles/CBMi5AFBVV95cUxQNnVLT0JXd2NaWWtmMGhuSkR5WllTc18tbWVvQ3F5Ty1aMjVQdjl6NHNnX1FOTkhVN0xWMTA1TmIyWHRfak4wRzZwTFJrdHBJNmtTZS1FV2V2TnIyUlA5cjVQdmNpMUljOG8yUVBGWV9TVnRqRnJnaTFEendSLUlJQjRlQmJGZFYxbUlfTWVRS3J3dDM5RE1xVEdPYXNqLUprckxVYXl6akJDVE1MVjNnLXYyWDlBQjlaRWhnSXhFNk4teTkzUHcwUmFaQmI5aGk2VTM5blY5WlkzWXBrdTBoWDNaTEfSAeoBQVVfeXFMTUJ6SVZycDhBYlNGb29PWUlPdEtBdGNvM25mNEJ0T1dmWXpJUGtSZ1M5MnRSX3p0bzBqTktacjg4M3A2T25HQUNoSzNYTzRoWWVGWUZYdUh4d01JYjBBb0lCNUpyakZaZlhTeUt6UUZsM1JfZ2ZaZXJ5blBKWUlQcWFYWmYzby04eW90Tl9NekVhblZjd09VWVhDcXZYMHRtZWl6MjVtM244Z1FwTVFqVjdVelg4aURCUUl3QlVjWm04b3FQRTVLMVFjN3pMdjJ5RGc5SG9hUlpidGxDTzlqM1E5Mkd2S2VCaWxB?oc=5
HAPPYFORGE.NS,2025-08-11 07:00:00,Bata India Q1 results: Net profit plunges 70% to ₹52 cr on high costs - Business Standard,Business Standard,https://news.google.com/rss/articles/CBMi4gFBVV95cUxQa1NuOFdpZzY3YURjQXZFaDRoalQ1czhESHJXS3NZR3pZdVpBa3hrQldlUUlVNDlUb3RYUDJ4Tk1CRFJqT2d4ZU83SnZNOE5zakVlZVl0U0NwQ2UwWXFkMkFmSEk2dlRTRVVkS3FMYUZDbGRWQy1YTVZTTERIMUM2eHNKUXlqV0hsQ1ZhcmQxRVY3LXhtbWhCd0ZfUTIzc2lTZVJpMHllSFJaOV94ZUpvMlJ5MjJSeFBjVk9qekxRZmdsX3FEanM2TC1DZ0otdHM1dFh5ZXcxeFg4NHRNYnlNdURR0gHnAUFVX3lxTFBXU0xUdEdBM1U3UDBweG84Sk5Xd2xsYzg3VUk0cGdyWXJjcVV5Qy1lV2tnaEdOdmx4ajloeS1rY3ZlcElHVzF4QmZxM1NicGQyRk9hSDBEMmppNVVNcmNOUHZIWkItLUI3SU1lLVNtaktPVjlyUmtHX3ltbzlZcUZlLXpXZTI2Ul9KbE11a0dzYUktRVVPdnU4WEprVnpreUQ4eWx4OU41MzJ0S3lfUS1DQ0JROFJ1NFI0RWFyX0xsR0wxWkFFN252aTV1c3BkSkdad2RKTWdBbGVFbDV1VkVNMkJkcnU4QQ?oc=5
HAPPYFORGE.NS,2025-10-01 07:00:00,Are Happy Forgings Limited's (NSE:HAPPYFORGE) Fundamentals Good Enough to Warrant Buying Given The Stock's Recent Weakness? - simplywall.st,simplywall.st,https://news.google.com/rss/articles/CBMi4AFBVV95cUxPSDhxVjJmaGFhUlVuQ2d5bm9HS09iUjFiVzFhZGdXUmF2MWNrZTd5ckVEcU9tcUJQWEIwUXpHWG1HRU1IekllU3g5Z0VLTXBRVmVSTmRpd1FiNWI5QnVyaTJIdHN3MTdQc2ZMNURodmJDZjlqaTNQUlZ0eDZITk9rclIybG5LNVFnUWNXUktGOS12dWZCRzgyRXJHUUxoQm8xRUQ3Wmw2cjYxSGdBZ1FmbFpIb2hORWVhb0xSNzVWTW1Pb1U5amh5MjZKWW1zaGk1MXI3Qk1kbGFzeWJXaUpFbNIB5gFBVV95cUxPdGdkaUI2Q0hRUlNmWFpUSmFGLUNEZl9ZbVlpU1dTNUlJb2J5Y3Y3dFhNNW9aZXQzek9EVi13UkpnYTQ1eldTOWhSdGVhalprSjZMeFJxMlM5V3YwSXJ4S2o4ckpJcldnN0JLN2VScDJURnFDOWNXUGlNZllNX1FBNlhrUjZwemhpbXAtRkFJVjJRTjFaNjhuU0wzYlhRQ0JmQko2VHhHaEpvZUdQblIzbTZzYk1peGxWVjdkU3hiRzNnZmJTalRVS2ZPbG00bEJaMGlQTHdhNmVZUXliWldoVTA2T3J5QQ?oc=5
HAPPYFORGE.NS,2025-10-15 04:35:14,Happy Forgings Faces Evaluation Shift Amidst Underperformance and Technical Outlook Change - Markets Mojo,Markets Mojo,https://news.google.com/rss/articles/CBMixwFBVV95cUxPVEE2aFFKLU1TOHFZT3VfX2kzdEhNeW1HYktiUlFsMldHXzJzMzhLcWFLQlFxTUpBRVFjTkpjdXpSVmpBU1hxYm13d204RjhnNG5jbDlKbmpzTEJ5WFdPclp4RlJ1Wl84Yy1BQzRURTlON0pwTFoyOWh3Z1M3OEVzV1M1UFctYWRhODlzR1pnOVdMTEh6Z2htSWpkS1ptbnZmRG03WjRuNDZPVGY1QnFiM083TXhObGZBUU9CaUJ4SlRwYnptWkJv?oc=5
HAPPYFORGE.NS,2025-10-23 07:00:00,"SBFC Finance - FIIs, promoters reduce holdings in 11 smallcaps; prices rise up to 87% in FY26 - The Economic Times",The Economic Times,https://news.google.com/rss/articles/CBMi8gFBVV95cUxObkFJWERSLThvOTJtaFlMM1NLamdEX1VyOGxkak9XUXpvNXJOQkVVSFgwWFVtVjkxdVB4bjRENmNlUnZ3VkZCc1JGdFVXRmMxNVZKTHNBelo5QS00eHk3eHpUQVBYeEdZV2NCaUVMbVpPei1HejhnQnFobjZKaVR5Z3UtcmJDRGxubnhEQ3UwUWRUckFsZ0lFazB1NWtiMkZCSFdQVnlHeWhxNEFIb2tGWXVyOTJVVjFHN0RMVi1sV20wUm9GQndTSElEaFJZNXRCb1dqcWY4RDFISDBGTWFwbmczQWtvNkt0MUl4dUN2SVRUZw?oc=5
HAPPYFORGE.NS,2025-10-15 07:00:00,"Diwali 2025 Stocks By HDFC Securities: Airtel, JSW Energy, Pidilite, IDFC First Bank among top 10 picks - ET Now",ET Now,https://news.google.com/rss/articles/CBMi5gFBVV95cUxNeVpJT2FZZGJzdEFMTkRQQWZlOWJqNmtCNFFpQXlkY2ZFb1NmNDN6VUFkSUR6T2laNUNfbi1uWlduY3MwMUYxUGYzT0UtSkNVR2daODhRZEwtZUJBajdyT3A3ZThaTHhFMWUwYU05NFJPcXcwZDZFX0JtSU9YbXFIbkJ3Z1hGUzVWWHhqVl9uMEpSYjh4b3dCMGQtSDRUMmtMemRkWGFtb182TkJDcVNzWlNfTzVkUkVVQThwdlRQRVBWME9LOWtldGIzbnU4WmVwWFhYUDJ5OW9hV3FpemVkVEFIZmgtZw?oc=5
HAPPYFORGE.NS,2025-10-18 07:00:00,"Hi-Tech Gears' NCLAT Hearing Postponed, Insolvency Stay Extended - scanx.trade",scanx.trade,https://news.google.com/rss/articles/CBMitwFBVV95cUxQS2lqQ0J4ZkNJTE9FaWFqWVRBNEJhSTFQS1NxTUY5NlU3RklwSXQtYTJHS1YweVEtUWRUSzREMlVMYVZXaEV6ZWc1NzhtbmZ3bTB0RlQ2b3o1SGgyU1VtMWFqRGQ3bDBqVU4yak9uWVQ4M2h3U1R4TTM1aGg3eURTNGlfOXVlQjhjWlpnMHhGZ3ZlODNKWXo5QjBWNGxJU0FsdHlnLU1rZHNQMjdPQ1dKWDRaZXRzdTA?oc=5
HAPPYFORGE.NS,2025-10-16 07:00:00,10 stocks to buy this Diwali 2025: HDFC Securities spots up to 26% upside - The Economic Times,The Economic Times,https://news.google.com/rss/articles/CBMi7AFBVV95cUxQbm51aHY5M0RFeV9jemlrc1FGRERnZmpHeDJRcktXZzQxS25MLVVRX2QtX1pld1EwSDh5eDhYMzIySlBlejhhdlNyOTV2RTZQb051aVVBS0YzeTVfMFpUZTM3R3lNZjYzWTBiSEJvdk43Rm84Z1hoZDFTVkd3bkJpVVhRUklpTG5STTNHblRMX0JXLV9QZzlqdFc5YXRYLW9QQ2FmZklJSXFOR09KTFBJWjNNcGxETmtVdHNkMEs3Vkg0Nlh1UkpFc2JyWWFBNnJucDRaSTdfVzBKenpXYngxWFA0WDAySHh3bnhqbw?oc=5
HAPPYFORGE.NS,2025-11-11 08:00:00,"Happy Forgings Limited Just Beat Analyst Forecasts, And Analysts Have Been Updating Their Predictions - simplywall.st",simplywall.st,https://news.google.com/rss/articles/CBMi4gFBVV95cUxQblpRTFpiQnFXZ25JQXVoUnpjNGJLd0w2Z0xBQkp0SGdfaExkLXZEb2luZG5fRTE2V3NrS0c3Nkp6bG5wSTlzTkN3WFMzaVVWR1k0M19nTzlzd1l0Z3MxemxIdGFJeDV3ZExjUGhaVFQ5RFU5Y1Q0OW9lU2lVazNKTGhpd216UnF4cnJsbmJMTDMwTTlFaDg0SFFNeHV2TWpUcEZMSW5Qa0pzOFRqTkl6b3hlSWhqRGhZb0Z2QlRLX0N5UXp6b2dIekROanZIekUzZ2docUgxa0ZpeVdWVW93Q3BR0gHnAUFVX3lxTE1kMDMzWEx6Z1Rsd0NIbjM4SUF1RGRaQ0xlYk9ZSS0wMXQ1akk3VTh1dXQ5RnFpQjhFODQzX0VCSEJLTVI1OWtGb1hSMFByU2hrZmxPYW5sZlJaeHk5ZFNwVGZUWFBDOFFMeEZ3N1ZhR0doRUYyZGliWm1oV0NJdHJSeXEyVmd2Y21jekpzQW0xbHlSTUd3dDE1eFM3M3hZeGZHRWhVejRpYUZQeE9hWWQ0SHFZWTJlX3J5azRLalpGSV9YZE80Ui1PVlRmQ3E3X2tuRUN0TWhvSE5oR3Q1VTRxLWhrN1JSWQ?oc=5
HAPPYFORGE.NS,2025-11-10 08:00:00,Happy Forgings Ltd (NSE:HAPPYFORGE) Q2 2026 Earnings Call Highlights: Record Margins Amid ... By GuruFocus - Investing.com Canada,Investing.com Canada,https://news.google.com/rss/articles/CBMi0wFBVV95cUxPbnNScWZBOHdLbkpid1JmdTdhTERjLU5MYlNaVjhyZ1JtUlpTcGc1ZHVKUmp3TDduMnBEazhYMnJST1gzdi1CaTRNVzNkUFlrb0s2Rl8taW1kdG5sbjFTMXF4cEhOVFN0Q0lqZkZCalBIVE40ckQxWWhxUm8ydG00TGZQODRBcW9yQnNPcjFIdVNuZEpQWWFXdlJCM01fLVVuQjdxaFI0WjFZYVhkUlp5Rmt3UmJvSVlEYzFrSXpVMWVBT1NrcHJDTUNueWVXNTAxSGNB?oc=5
HAPPYFORGE.NS,2025-12-02 08:00:00,Happy Forgings Limited Allots Shares to Employees - TipRanks,TipRanks,https://news.google.com/rss/articles/CBMiowFBVV95cUxQaEkybTBrR0VIbTVxVExqU0RmV2xLb0Q3QUhrQXJYeFVvYW9jWDVTRl9yYWhjNlJHTEV5OTJUTFo1c0lhdDhjempWTG9IWUdzbWVDRlBXOVhna3BGR2dnUV9oUmRNTldOUFFKOVJJNktzNl9TR3RXS1FFdzJ5aVhWWVhuNFNCWkI0YUx4NjJrX2hXQU1XRk82SXFyWmVjZlpmdUg4?oc=5
HAPPYFORGE.NS,2025-12-16 03:51:45,The Returns At Happy Forgings (NSE:HAPPYFORGE) Aren't Growing - simplywall.st,simplywall.st,https://news.google.com/rss/articles/CBMi3gFBVV95cUxPb19fVExHcHFSZloxcEpjRy1jUDJ4RHBNMzRiM2ZjaXBWTVBDVVFudUJOLXNlb1Z0LWVsM253cWREZzg4R0tqejhPNHhZclBDU1FGOXNmN1M1c3BXamRUTUVPMUFFNTNVYm1MWUhYYmc4RTBqUmxqcDVZdnBEVXFTTU50dGtQYm1nUVZLRTFScXZlLVJRUTcySnR2c0FyNlBteDRndkNxbjFEWmxaSXFpd2xhMW9xdTl6TzAyN3ZaX3k0YkE5LVRudW00SmFwY0ZxMkR5OEJfNEtlM3phd1HSAeMBQVVfeXFMUDFwT1lGWFlncV9lWWxjaHQ3RWhsTVVGbk5ZeVhadXlNM0JDVUpVLTd2Sm9JcTRRZ1FOU2RjVjlOTFhpZnEydC1LVEJobHl6TlJXbDNwTk1sTHh5U2ZOSUpZX2RfMEFhUkhCRUFpd1dza1U3SkY3Ykx2US1fYXVvamZCTEdqdEJuS2pqbzZuQlV3ZDNuZmpqNE5VU21CdzlpVXUycEE2ZnhZRzNEMXRyZmpzNjN0QW5acFZRMjJiWUxDeENybTJGQWR1Z29Xa0tGaGR2dzNuZWstMm1hZzg2ci16cG8?oc=5
